18.8146
17.579
16.4237
16.3385
16.5487
15.7309
14.674
14.2862
13.5645
13.8727
14.2938
14.6002
13.8126
13.6242
12.9755
12.7966
12.582
12.216
11.1855
11.0767
10.9676
10.5394
10.2436
11.0975
11.052
10.9436
10.8488
10.2174
9.28183
9.08659
8.98667
8.83694
8.81917
8.02193
7.63917
7.5763
7.51997
7.28548
6.86606
7.11055
7.45546
7.26563
6.98352
6.85403
7.66601
7.5039
7.67308
7.39391
7.8966
7.88566
7.83346
7.96173
7.74805
7.63856
7.28307
7.33255
7.55407
7.43615
7.95707
8.23521
7.77296
6.81458
7.47737
7.38817
7.15549
7.0144
6.80545
7.10657
7.64904
7.1568
6.52742
6.7852
5.91289
6.04077
5.89356
6.55366
7.39379
7.52261
6.7774
6.98168
6.71532
6.58156
6.02056
7.07972
6.7254
7.00756
6.27792
6.43737
6.78942
7.06302
6.71362
6.74348
7.09553
7.16375
7.5707
6.76603
7.55626
7.14312
8.08515
7.65894
7.51214
7.46356
7.77383
7.9062
7.38662
7.72901
7.49491
7.8189
7.28527
7.05253
6.95719
6.36558
6.2382
6.04748
6.10681
6.41123
6.1825
6.33352
6.29098
5.68471
5.52135
5.71808
5.68966
6.37179
6.64779
5.88887
6.54328
6.11031
6.53144
6.38537
6.51664
6.10381
6.47792
6.6499
6.90397
6.14226
5.67724
5.36082
6.16914
6.22699
6.08212
5.84938
5.76609
5.3089
4.96878
4.7478
5.29925
5.62706
5.70493
5.81755
5.511
5.19451
6.0665
6.17783
5.65744
5.19036
4.91198
4.9919
5.23847
4.44581
4.81956
4.41106
4.06067
3.78799
4.83629
4.8523
4.62824
5.81595
4.97725
5.3131
5.54193
6.08782
6.52226
6.10263
6.24993
5.96104
5.51278
5.77735
5.61496
5.16336
5.24127
5.45198
5.50637
5.68695
5.82302
5.93801
5.90722
6.41745
6.99164
6.87173
6.84781
6.51723
6.0946
5.95404
6.56625
6.97347
6.23832
6.21842
5.16427
5.5169
6.2273
6.07655
5.8197
6.18453
6.28566
6.5581
6.28843
5.56366
5.96545
5.72372
5.87638
6.1026
5.3896
6.37046
6.28439
5.06883
5.0924
5.6984
5.64697
5.99065
6.32092
6.77962
5.61828
5.54053
5.70608
5.8211
5.39341
4.87192
5.54803
5.60874
5.6842
6.21049
6.76706
6.82828
6.27717
6.72651
6.54407
5.71915
6.13335
5.16342
5.59097
5.56625
5.58035
4.77421
5.79649
6.42002
5.50249
5.27216
5.71445
5.68856
5.42416
5.88167
6.27716
6.28469
6.55615
4.93297
4.83266
5.09909
4.28363
4.85531
5.41544
5.78645
6.22605
6.38954
6.0279
6.09242
5.80308
6.11015
6.03791
5.35754
4.99996
5.12621
5.6553
5.43115
4.55244
5.05812
5.52262
5.24805
6.32017
6.45381
6.71142
6.39876
6.75791
5.85908
5.71052
5.54512
5.58318
5.82182
5.71021
5.06156
5.10427
4.90978
4.36495
4.93077
5.36358
5.7313
4.92508
5.0899
5.15056
5.60583
5.81213
6.22832
5.52115
5.62185
5.74206
5.03614
5.0886
4.42048
3.92442
4.12875
5.04025
4.78852
5.27417
4.66781
4.33384
4.178
5.02005
4.46252
4.95941
5.36769
5.95369
6.11575
6.23771
6.01701
5.60985
4.85098
5.35826
4.86165
5.05612
4.43787
5.26236
5.29757
4.57932
4.86744
4.76934
4.3433
4.85689
5.20615
5.18566
4.68051
4.7011
5.27029
5.16569
5.05345
5.27581
4.86295
4.11341
4.8074
4.7207
4.7928
5.50842
6.06657
5.40556
5.05463
4.74129
4.56982
4.92822
4.62273
5.13995
4.36468
4.39943
4.80775
5.02185
5.36846
5.44272
6.03584
5.65716
5.45012
5.09481
4.65563
5.24831
5.56168
5.55047
5.79191
6.72944
5.69856
5.74157
6.14287
6.08774
6.62115
6.10543
6.09147
6.66131
6.6694
6.63827
6.02896
5.57198
4.53637
4.36029
5.11759
5.41542
5.30584
5.83916
5.17492
5.61228
6.44806
5.97424
6.28058
6.84731
6.23249
5.24021
4.9649
4.90193
4.8883
4.83768
5.75234
4.89787
5.64731
4.94125
4.34468
4.34567
5.50593
4.97623
4.98358
4.83702
4.28963
3.72489
3.93434
4.03638
3.75561
4.53511
4.40408
4.41745
4.44431
4.50988
4.84931
5.15721
5.69762
5.86108
5.03048
5.28567
5.00614
5.10511
4.75206
4.71776
4.21753
4.54921
5.72082
5.01804
4.1379
4.93698
5.64575
4.62121
4.82446
4.60173
4.79096
4.59666
4.27157
3.61145
4.29786
4.36863
4.65067
4.44314
4.12747
4.32981
4.52201
3.98524
4.49448
4.34948
4.64601
5.104
4.82516
5.28698
4.31485
3.80559
3.59614
4.19366
3.51321
4.27893
4.95
5.21586
4.59927
5.34157
5.2436
4.96465
4.64848
5.00184
5.75421
5.49911
5.26126
4.71916
4.68228
4.50213
4.30789
4.93038
5.22098
5.28532
5.41816
4.56538
4.30094
4.9832
5.21744
5.34561
5.44562
4.48149
3.57131
3.52101
4.00059
3.94945
3.77113
3.43069
3.99597
3.7036
3.60296
4.06564
3.96372
4.29903
5.2029
4.74736
4.9855
3.98192
4.06093
3.82757
4.13974
4.12026
3.84354
3.98607
4.30001
4.6178
4.10821
4.10968
4.79975
4.5314
4.22098
5.06262
4.23246
3.80065
4.93032
4.12129
3.73497
3.6466
3.71497
4.0727
4.44463
5.24633
4.33667
4.15012
4.15593
3.83153
4.34607
4.84059
3.72267
4.17995
3.55205
3.05672
3.47003
4.05981
3.70065
4.67164
4.78504
5.27301
5.64567
5.07795
4.43335
4.74367
4.79169
4.92216
4.90422
4.99531
4.64403
4.37294
4.66414
4.50164
4.18206
4.5626
4.39391
5.47475
4.78226
4.97347
4.51219
4.79661
5.23273
4.99469
5.21895
5.31056
5.11098
5.34239
4.42443
4.72419
4.54599
3.68419
4.40193
4.2723
4.84201
4.56457
4.40906
4.79188
4.23169
3.61101
3.33294
3.86245
4.26325
4.6381
4.56499
4.60562
4.77679
4.36495
5.22306
5.67698
5.94563
5.10058
4.90225
5.25873
5.08698
5.53799
5.00059
4.62561
4.49142
4.34408
4.54105
3.97971
4.32987
4.71773
4.2967
4.01814
3.91362
3.89253
4.09398
4.39925
5.4944
5.89054
5.53583
5.46604
4.99203
4.45553
4.10521
5.27604
5.10092
4.91859
5.016
5.25506
5.17481
5.31748
5.34429
5.05666
5.07422
5.31978
5.01308
5.01631
5.30516
4.46877
3.67774
4.13427
4.17705
4.37703
3.73186
3.73641
3.55489
3.64888
3.959
3.08333
3.97003
4.51343
4.75668
3.47744
4.20559
4.53003
3.7454
3.80671
3.87413
4.83163
4.32436
5.12971
4.82223
4.21488
5.01798
5.48077
6.29406
5.78521
5.53101
5.33782
6.27
5.23901
4.42516
4.87619
5.73185
4.90944
5.43418
5.42283
5.73281
5.84622
5.52533
5.50452
5.91378
5.03838
5.28938
5.56946
4.93721
5.30579
4.88478
4.60444
5.01858
4.65133
5.20171
5.49205
5.32927
5.34654
6.04706
5.32166
5.61817
4.81503
4.87544
5.01281
3.85823
3.75995
4.01319
3.78837
3.105
3.33312
4.23056
4.35583
3.86376
3.67325
3.77385
4.72429
4.70793
4.86966
5.42112
4.87414
4.97403
4.51498
4.43327
4.36843
4.6585
4.60818
4.92489
4.62678
4.05056
4.6971
4.40435
4.66904
5.29732
4.67494
4.91052
5.61827
4.61654
4.49508
5.12409
4.07877
3.6686
4.07481
3.82658
3.88999
4.26904
3.73492
4.03658
4.6419
4.17433
4.17107
4.58474
4.8956
4.75732
4.15903
4.9469
4.3924
4.72395
4.29578
4.8616
4.32202
5.11112
5.55582
5.05182
5.66466
5.81363
5.683
5.25063
4.5802
4.86257
5.77793
5.40853
4.92089
3.33364
3.38826
4.09815
4.77299
5.24599
5.32691
5.64406
5.13942
4.9788
4.89288
4.33032
5.1077
5.23496
4.76601
4.9279
5.75751
5.25222
4.76565
4.82009
5.57356
5.65472
5.1421
4.67362
4.5025
4.63467
5.03499
5.05691
5.42017
3.54606
4.04787
4.14405
4.04379
4.69042
4.63295
4.27925
4.70988
5.41503
5.62684
4.76552
4.97999
4.98597
5.03953
4.45501
4.77858
4.7298
4.947
4.16688
4.0687
4.30859
4.49051
4.17166
4.91577
4.98425
5.16778
4.60811
5.3838
4.99931
5.2366
5.80659
5.22025
5.06514
5.14667
4.93081
4.52201
3.67664
4.49167
4.72578
3.68762
4.47972
4.91103
5.39773
5.45215
5.24433
5.06034
5.33522
5.41561
4.2899
4.39573
4.88652
4.88014
5.55149
5.85903
6.04699
6.76134
6.14811
5.91701
5.57247
4.84464
4.89696
4.4822
4.13127
4.64009
5.09031
5.13554
4.26549
3.97611
4.53678
4.35663
5.02723
5.06837
5.33621
5.72083
5.46535
5.45563
4.76703
4.50215
5.3712
4.87246
4.94376
4.79819
4.72797
4.28195
4.91505
5.11582
5.34588
5.12959
6.5515
5.88857
6.35294
4.92146
5.18681
5.43462
4.80358
4.87579
4.12092
4.73135
5.04892
5.27803
4.573
4.37426
4.50363
4.96629
5.19016
6.2673
6.18958
6.22718
5.69377
5.87891
5.55805
5.28737
4.88003
4.89114
4.7395
4.4462
4.32547
3.91087
3.84459
5.10826
4.78485
5.06603
5.70839
5.56493
6.28749
6.0261
4.89298
5.48295
4.76036
5.42298
4.74359
4.53014
4.66934
4.53381
4.27318
4.69162
5.03495
4.26195
4.74617
4.28053
4.72501
5.39579
5.60048
5.18416
5.31742
5.28168
5.42902
5.03271
5.17764
5.89611
5.15393
5.37131
5.09001
5.55252
5.84167
5.97611
4.82323
5.14716
6.59154
5.93695
5.16471
5.87533
4.55191
4.37159
4.72412
4.80378
4.78546
4.26699
4.36623
4.63509
5.32187
4.92878
5.57986
6.32109
5.64557
4.42408
5.13031
4.18782
5.47162
5.02914
5.24299
4.25222
4.70756
4.75111
4.66549
4.94048
5.50732
4.80078
4.93705
4.18554
4.45728
4.47252
4.11221
3.85375
4.82779
4.97201
4.80714
4.9649
5.52328
5.84662
5.53101
4.63355
5.60376
6.14922
5.45305
4.46205
4.97236
5.53523
5.51239
4.95785
5.03283
5.51702
4.73216
4.41645
5.20735
5.02363
5.32165
5.00531
5.80447
5.04267
4.87553
5.01719
4.93682
4.66519
4.22486
3.72905
4.67354
3.84078
4.44653
4.98346
5.63549
5.73635
6.21089
6.37093
5.65165
5.3643
5.6362
6.80516
6.5183
5.34391
4.31421
4.34528
4.4077
4.62304
5.33689
5.53505
5.01112
4.70136
4.74451
4.86434
3.91589
4.48911
4.84353
4.01221
5.41464
5.43297
5.26723
5.00023
4.36618
4.76967
4.85016
4.6416
5.06385
5.34891
6.2421
6.25631
5.32037
4.79145
4.74218
5.60008
4.94007
4.35196
4.93289
4.32026
4.94495
5.3194
5.16746
4.74702
5.62324
5.27642
4.14803
3.77849
3.9905
4.50751
5.18875
5.76387
6.32759
5.80899
6.39868
5.64421
5.23432
5.25941
6.1211
5.94118
6.56431
5.74021
4.93446
5.65102
5.04517
5.17191
5.69208
6.02704
5.11728
5.29052
5.74833
5.46983
5.3685
4.697
4.8511
5.59427
6.11375
6.77748
6.01489
6.078
5.33541
4.63519
4.61462
5.17073
4.71243
4.83677
5.4726
4.59811
5.04666
4.56334
4.10881
4.27929
4.41544
5.20479
4.90037
6.40204
6.76261
6.82204
5.7146
4.89465
4.89682
6.02757
5.9404
5.74159
5.04621
5.33981
5.02608
4.59175
4.48741
5.16252
4.9351
5.24774
5.01673
5.38065
5.31611
5.55297
5.28288
4.83375
5.03242
4.95104
5.0836
5.39661
5.02804
4.74339
5.87662
6.84971
6.33245
6.59995
6.98774
6.59687
7.20935
7.53557
6.45707
6.78256
6.89421
6.91375
6.19
6.31721
6.75578
6.7755
6.62343
6.57957
6.40888
6.61882
6.69129
6.6865
6.4837
6.12328
6.2393
6.49406
5.29154
5.59972
4.91408
4.97608
5.12957
3.96269
3.86863
4.11775
4.74338
4.28926
4.88678
5.56164
6.20234
6.79429
6.06065
6.00643
6.78753
6.121
6.15852
5.41718
4.5558
4.20591
3.87198
5.03575
5.3925
5.13402
5.12611
4.27211
3.51781
3.61266
4.21625
5.26678
4.75251
4.6318
5.19567
4.19111
3.9788
3.81593
4.74731
5.03556
5.2818
4.23775
5.43567
4.99741
5.03668
5.13909
4.59806
5.13122
4.69467
5.28406
5.15839
4.40238
4.21
3.9758
5.11695
4.79085
4.54045
5.85249
5.5743
4.87568
4.80094
5.99138
5.61684
5.25885
5.17116
4.80206
4.7621
5.11499
6.24562
4.92526
5.39492
5.82113
6.00524
5.18756
5.03866
5.62213
5.43632
5.99531
6.08064
5.5949
4.79806
4.12682
4.03467
4.79557
5.18333
5.90806
5.03035
4.90276
5.12952
5.98066
5.42767
5.0427
5.15448
4.64477
4.35175
3.34916
4.27051
5.00718
4.22119
4.20452
3.40401
4.3355
5.76671
4.44726
4.52565
5.63563
5.52312
5.41219
6.71353
6.46842
6.16084
7.0255
6.33766
5.32322
4.58205
4.98136
4.22017
4.27427
4.28661
4.05023
4.60297
4.92308
4.79448
4.63775
4.67424
4.568
5.47683
5.75156
4.48997
4.21042
3.59466
3.07649
3.64236
3.07881
3.00049
3.97735
3.30806
3.02142
4.12079
3.78815
4.67468
5.47697
5.39225
4.94883
4.89119
5.31546
5.18287
5.64211
6.27457
5.89358
5.56321
5.02014
4.66272
5.61488
5.41419
5.90023
6.26529
5.62707
4.17071
4.85956
4.51299
4.52836
5.00304
5.16602
4.96808
4.65569
4.70767
5.40331
4.59304
5.01962
4.92273
5.1037
4.61539
5.31324
5.44373
5.98674
6.60987
5.80648
4.9705
5.6002
5.32616
5.68543
5.35066
5.07244
6.05996
5.58692
4.96594
6.15443
6.36026
6.53914
4.87602
5.46756
5.31581
6.21451
5.74733
5.89334
5.297
5.43868
6.0135
6.2183
5.30782
4.7515
5.8652
6.47892
5.94332
7.11301
5.94946
5.09696
4.22524
4.3219
4.6726
3.58499
3.80102
4.75297
4.60312
5.39432
5.33068
5.06188
4.7452
4.7611
5.57683
5.16702
5.38486
4.76108
4.7341
4.92423
5.87668
4.44304
4.30353
5.109
5.07225
4.98393
5.40812
5.09612
4.82927
4.46688
5.93652
5.2256
4.815
4.98978
3.91489
4.01006
4.45249
4.18798
5.4172
5.35863
5.31262
4.64503
3.60006
3.15163
4.12499
4.70534
5.42252
5.31728
5.59695
5.21447
4.46767
5.23221
4.87952
4.4075
3.43013
4.36245
5.28787
5.18926
4.60078
4.89494
5.37166
4.92965
5.33495
5.39394
5.8145
5.26228
5.27752
5.21231
4.75239
4.43944
4.28297
3.90073
5.40226
6.23736
6.17305
5.1887
4.14187
4.39465
4.94549
5.05609
5.7863
4.78965
4.96104
3.80745
3.35967
3.7466
3.95995
4.87759
5.43842
5.03667
4.36868
4.96601
5.90399
6.38183
5.39978
5.85163
6.10275
6.10608
4.9768
5.66642
5.25307
5.6095
5.17549
5.12517
4.20376
4.92031
5.77066
4.90575
4.76696
5.30924
4.33085
5.29786
4.64542
4.6096
4.09146
4.11178
4.30144
3.81422
4.36049
4.13633
3.79124
4.23626
4.3672
4.56988
4.58834
4.99566
4.9436
4.87696
5.92912
5.11471
5.36449
4.34921
3.30366
3.83321
4.21396
4.32531
4.38296
2.8198
3.83932
4.24681
4.51949
5.71395
4.99679
5.19246
4.69935
3.73615
3.82365
3.30584
3.25578
3.5631
4.22438
4.59446
4.13747
3.47257
4.38772
4.09311
5.48334
5.29348
4.47035
4.88255
5.20527
3.95392
3.64587
3.19955
2.481
3.11259
3.27648
3.46183
4.46278
3.81075
3.80843
3.20475
3.91943
4.02948
2.71523
3.6256
3.34864
4.07409
4.30504
3.16028
2.90731
3.10442
4.26448
4.70197
4.4703
4.69133
4.57094
4.92851
4.32559
4.4279
4.21179
4.03172
4.39988
3.69385
3.108
3.8633
4.47036
4.55698
3.27879
3.98527
4.82723
4.03715
3.82376
4.04957
4.30672
4.54871
5.28488
5.07049
4.48872
4.57422
3.30953
2.92457
2.74766
3.12923
3.60761
3.18843
4.00081
3.71711
3.10864
4.10767
4.12971
4.36055
4.82798
4.69489
5.33927
4.48659
4.05453
3.9457
4.21894
4.38978
4.67504
5.44358
5.6849
5.76522
4.56149
4.19906
4.10779
4.14506
4.89497
4.95425
5.89261
5.18328
5.1308
4.97972
3.82532
3.64283
4.55292
3.82485
3.46574
3.82682
3.63004
3.3869
2.71089
2.74205
3.82611
3.79641
3.32627
3.5251
3.50528
3.36751
3.48692
4.10628
3.36664
3.26168
3.78336
3.75709
3.99945
4.65491
4.74793
4.68097
4.34461
4.92276
4.14226
3.33231
4.02399
3.52532
5.07295
3.89778
3.75065
3.68083
2.28179
3.24735
3.58579
3.58125
3.1231
3.7877
4.20122
4.3048
4.52722
4.83288
4.44242
4.11672
3.08694
3.51701
1.9193
3.23088
2.79514
2.56595
1.38624
2.52226
2.5607
1.20676
2.147
2.78351
3.80678
3.26679
2.70205
2.81612
3.33534
2.86783
2.65965
3.0629
1.62437
3.12195
2.66906
3.87759
3.54237
4.68813
4.21003
2.95369
3.00695
3.47348
3.16851
3.63664
3.95806
3.89734
3.80147
3.47869
3.04836
3.43048
3.30943
2.16134
2.90001
3.48259
3.58204
3.47525
4.12144
4.05141
2.98316
3.31204
2.3691
2.59813
3.00288
2.89006
2.83122
3.21354
4.07195
4.33574
4.83554
3.57753
3.65468
3.42447
2.40771
2.31607
3.54046
3.85971
3.84099
3.6616
3.29956
3.47731
3.14515
3.93866
3.6225
3.74572
3.85526
2.77045
2.59263
3.53617
3.1823
2.48625
2.52238
2.15834
2.86071
4.05657
3.96803
3.94451
3.83103
4.57812
3.97191
3.67222
4.18451
4.73713
4.24548
3.06212
3.12127
4.15685
3.65099
3.26129
3.85281
3.42682
3.30476
3.76185
3.43658
4.00734
3.97232
4.87911
4.74905
4.67547
4.24821
4.17788
4.59717
4.43081
3.221
3.72343
3.7561
3.34462
3.50589
3.58232
4.28388
3.92283
3.31474
4.13916
3.71577
4.03241
2.84439
3.2273
3.6883
4.01741
4.37538
4.65121
4.36744
3.27225
3.43554
3.22816
3.89879
3.9635
3.86565
4.16398
4.35473
4.27128
3.8467
3.32979
2.81638
3.14606
2.77877
3.24233
3.14483
3.02881
4.01799
2.65585
1.40991
2.96179
2.48807
2.8347
2.44725
2.16047
2.08366
2.21346
2.82451
2.86693
3.17703
2.33061
2.38107
3.11532
3.70135
4.20639
4.16721
3.50106
3.05104
3.0221
2.50346
3.06821
3.44331
3.36368
3.87144
4.16196
3.29071
2.66716
3.77649
3.25417
3.04903
2.49596
2.53193
2.65734
2.6311
2.88503
2.42002
1.76504
4.07162
3.48845
3.72419
3.40491
3.09396
2.60066
3.44718
3.71373
2.97227
3.30684
4.50324
2.66839
2.69724
3.65223
2.72565
1.36665
2.88096
3.42815
2.65306
2.41385
1.82804
3.16327
2.86381
3.27071
3.25534
4.17009
3.84052
4.56637
3.33177
2.62867
2.45026
2.69024
1.67593
2.63958
2.83375
3.32486
3.5167
3.37046
2.23344
1.80313
2.6572
1.88148
1.21964
3.44352
4.14987
1.95543
2.49186
2.30007
2.6737
1.85478
2.72632
3.90844
2.34948
2.51988
2.3603
3.40517
2.7432
2.60673
2.32341
3.97609
2.58829
3.01285
2.88598
3.16119
2.86682
3.68336
3.97459
4.04767
2.91309
3.25714
3.18976
3.23579
3.45106
2.49087
4.13758
3.31093
3.36321
2.54475
2.01556
3.73847
2.65963
1.91384
2.41299
2.82256
2.27929
3.55539
3.23262
2.97409
2.81526
3.05621
2.54619
2.04308
1.46695
2.13452
2.38933
0.249652
0.727017
1.96816
2.46971
2.51196
3.22324
2.42167
2.67791
3.26543
3.40997
2.73072
1.05636
0.776791
1.34638
1.86551
2.26775
1.85411
2.20076
0.620084
1.40649
1.13374
1.57812
1.70146
2.05719
1.82523
1.44116
1.66774
2.25684
1.62934
1.06685
0.1164
1.30857
0.847759
-0.970821
1.37905
1.55369
1.81724
2.22954
2.43929
2.16796
1.35871
1.6016
1.17796
2.2169
1.11683
0.61241
2.25841
0.96182
0.677871
1.61887
1.92664
3.21504
2.50943
2.03583
2.7283
0.890162
1.44361
2.02041
0.977816
1.542
1.94412
1.94175
2.92451
2.41775
0.712716
3.02266
2.3202
3.7529
4.09414
5.97645
4.8998
3.13163
4.07319
5.51194
5.46992
5.37788
5.50485
4.88785
5.94843
3.35865
3.17141
3.40352
5.3044
2.55058
3.44538
5.04016
5.10626
5.08391
4.93571
2.21718
3.84005
4.19551
4.55337
4.42661
2.75974
1.34872
2.00547
4.0587
3.74639
4.16671
5.80968
5.00554
2.44279
3.60795
1.63849
3.0096
2.82558
2.12395
1.77162
1.10721
2.44724
2.10867
0.863883
-1.12288
0.292756
2.84571
0.0834632
5.15061
6.34433
7.25288
3.42156
-3.15093
3.30218
3.12246
3.30685
4.6171
5.04377
5.15418
-0.604952
-0.197505
0.75009
0.043423
1.29676
1.8339
0.864375
0.148185
1.60733
3.57656
2.34989
0.701005
-1.91677
1.1372
-1.12947
0.461005
8.22608
1.17339
1.28767
1.39815
2.22608
6.47473
6.39056
6.36009
6.02739
4.96072
3.65406
1.58739
2.66358
2.34739
2.21723
1.23501
1.26895
1.26733
0.768343
3.76834
1.63501
2.59589
3.15942
-0.493035
-1.60292
0.214252
0.248192
0.246575
-0.909557
-1.19337
-0.3667
2.6333
0.0866332
-1.46003
-1.03337
0.699966
3.69997
1.19638
-0.744684
-4.17616
-4.23638
-3.25318
-2.82652
-1.91033
-3.12366
-2.98652
-2.11985
1.50682
1.66682
1.75063
-2.27223
1.13729
-0.702707
-3.50518
-0.0342558
-0.681185
2.30464
-0.194859
-0.220256
-0.173458
-0.204569
-0.141077
-0.714177
-4.02756
-2.03708
1.27202
0.250968
2.8907
2.76664
3.45957
4.41476
4.64143
4.84143
4.84222
-0.967477
2.03797
-0.461526
-0.479303
-0.342161
-0.153141
-0.326474
-0.0902838
-0.0233832
0.2899
1.40228
0.0157539
0.300566
1.41993
1.6466
