2.77944
3.72803
4.20232
4.50415
5.267
6.40133
7.31675
8.25207
8.55721
9.08789
9.65837
11.2504
12.6036
14.01
15.1509
16.0398
16.2919
16.7164
16.8358
17.0746
18.0033
19.1973
21.0282
22.66
25.1012
27.9668
29.6119
30.3814
31.0448
31.4959
32.0265
32.6368
32.8226
33.3002
33.539
33.6186
33.7778
34.1758
34.4942
35.0249
37.3599
38.8458
40.3847
41.5522
44.3648
45.9569
46.9121
49.7778
53.4925
55.403
57.1012
57.8441
59.8607
62.2488
62.8325
64.2653
65.0083
65.2736
65.4328
65.7512
66.8126
67.9801
68.1924
68.1924
68.2454
68.2454
68.2454
68.2454
68.2454
68.2454
68.3516
68.3516
68.3516
68.9884
69.3068
69.7313
71.9602
73.4461
74.5075
74.8259
75.9934
76.0995
78.7529
79.7081
80.5572
81.194
82.5738
86.3947
91.3831
96.796
100.086
104.544
105.605
106.773
110.275
113.353
115.582
117.068
119.085
120.252
124.498
124.816
125.24
126.514
127.788
128.212
129.274
129.38
129.486
130.017
130.017
130.335
130.441
131.184
133.201
133.201
133.307
133.519
134.156
134.156
135.005
135.536
135.96
135.96
136.066
136.279
136.279
136.279
136.491
136.491
136.491
136.703
136.703
136.703
137.128
137.128
137.128
137.128
137.128
137.552
137.552
137.552
137.552
137.552
137.552
137.552
137.552
138.401
138.401
138.401
138.614
138.614
140.312
140.312
143.071
144.345
145.619
146.468
147.529
148.378
150.076
152.411
152.411
153.26
153.685
157.506
161.114
164.935
167.907
170.879
174.275
180.219
192.106
199.96
212.272
213.121
218.003
219.701
223.735
225.433
229.041
233.287
235.834
236.046
237.108
238.381
241.353
242.415
243.688
243.9
247.721
249.632
253.24
260.033
260.458
265.977
266.614
270.01
271.071
271.071
271.071
271.708
271.92
272.769
272.769
272.769
272.769
272.769
272.769
272.769
272.769
272.769
272.769
272.769
272.769
272.769
272.769
272.769
272.769
273.194
273.406
273.406
273.406
273.406
273.406
273.406
273.406
273.406
273.406
273.406
273.406
273.406
273.406
273.406
273.406
273.406
273.406
273.406
273.406
273.406
273.406
273.406
273.406
273.406
273.406
273.406
273.406
273.406
273.406
273.406
273.406
273.406
273.406
273.406
273.406
273.406
273.406
273.406
273.406
273.406
273.406
273.406
273.406
273.406
273.406
273.406
273.406
273.406
273.406
273.406
273.831
277.227
277.227
277.227
277.227
277.227
277.227
277.227
277.227
277.227
277.227
277.652
278.925
281.897
286.143
287.416
289.539
289.964
290.813
290.813
291.662
291.662
291.662
291.662
292.086
293.784
303.124
305.672
309.917
312.889
320.106
324.776
332.418
343.456
361.711
364.259
368.929
376.57
376.57
379.967
382.514
382.514
386.335
386.335
386.335
387.184
395.675
396.1
398.647
399.496
414.779
415.204
419.449
419.874
419.874
419.874
419.874
424.119
425.818
427.516
428.365
430.063
441.95
449.167
451.715
455.536
458.932
459.781
468.272
469.97
471.244
472.942
472.942
474.64
486.103
493.745
494.169
498.415
499.264
499.264
501.811
503.509
503.509
503.509
504.783
511.575
512.425
512.425
512.425
514.547
520.915
520.915
520.915
520.915
520.915
520.915
521.765
531.104
531.104
531.104
531.104
531.104
531.104
533.652
533.652
533.652
533.652
534.501
534.501
534.501
534.501
534.501
534.925
536.624
545.114
545.114
545.114
545.114
545.114
545.114
545.114
545.114
545.114
545.114
545.114
545.114
545.114
545.114
545.114
545.114
545.114
545.114
545.114
545.114
545.114
545.114
545.114
545.114
545.114
545.114
545.114
545.114
545.114
545.114
545.114
545.114
545.114
545.114
545.114
545.114
545.114
545.114
545.114
545.114
545.114
545.114
545.114
545.114
545.114
545.114
545.114
545.114
545.114
545.114
545.114
546.813
546.813
546.813
546.813
546.813
546.813
546.813
546.813
546.813
546.813
546.813
546.813
546.813
546.813
546.813
546.813
546.813
546.813
546.813
546.813
546.813
546.813
546.813
546.813
546.813
546.813
546.813
546.813
546.813
546.813
546.813
546.813
546.813
546.813
546.813
546.813
546.813
546.813
546.813
546.813
546.813
546.813
546.813
546.813
546.813
546.813
546.813
546.813
546.813
546.813
546.813
546.813
546.813
546.813
546.813
546.813
546.813
546.813
546.813
546.813
546.813
546.813
546.813
546.813
546.813
546.813
546.813
546.813
546.813
546.813
546.813
546.813
546.813
546.813
546.813
546.813
546.813
546.813
546.813
546.813
546.813
546.813
546.813
546.813
546.813
546.813
546.813
546.813
550.209
550.209
550.209
553.605
553.605
553.605
553.605
553.605
553.605
553.605
555.303
557.002
557.002
557.002
557.002
557.002
560.398
560.398
560.398
560.398
560.398
560.398
563.794
563.794
563.794
563.794
571.436
572.285
581.625
585.022
585.022
585.022
585.871
596.909
609.645
611.343
611.343
613.891
615.589
619.834
619.834
623.231
623.231
623.231
624.929
628.325
631.721
635.118
651.25
657.194
677.572
677.572
677.572
678.421
681.818
681.818
681.818
681.818
681.818
681.818
682.667
686.063
704.743
704.743
706.441
714.932
721.725
721.725
727.668
727.668
728.517
737.857
753.99
773.519
784.557
813.426
813.426
815.124
821.068
821.917
832.106
840.597
846.541
867.768
869.466
870.315
886.448
890.693
890.693
890.693
890.693
890.693
890.693
891.542
897.486
909.373
930.6
930.6
936.544
936.544
936.544
936.544
936.544
936.544
936.544
936.544
936.544
936.544
936.544
936.544
939.091
939.091
939.091
939.091
939.091
939.091
939.091
939.091
939.091
939.091
939.091
939.091
939.091
939.091
939.94
946.733
950.129
951.828
951.828
951.828
951.828
951.828
953.526
954.375
955.224
965.413
968.809
973.904
985.791
985.791
994.282
997.678
997.678
999.376
999.376
999.376
999.376
999.376
1000.23
1000.23
1000.23
1007.02
1007.02
1007.02
1007.02
1007.02
1007.02
1007.02
1007.87
1007.87
1007.87
1007.87
1007.87
1007.87
1011.26
1011.26
1011.26
1011.26
1011.26
1011.26
1014.66
1015.51
1017.21
1017.21
1017.21
1017.21
1017.21
1017.21
1017.21
1017.21
1017.21
1017.21
1017.21
1024.85
1024.85
1024.85
1024.85
1024.85
1024.85
1024.85
1024.85
1024.85
1024.85
1024.85
1024.85
1024.85
1028.26
1047
1047.85
1047.85
1056.37
1053.06
1054.77
1054.77
1055.63
1060.75
1060.75
1062.46
1062.46
1062.46
1062.46
1062.46
1062.46
1062.46
1067.59
1087.25
1087.25
1087.25
1087.25
1085.65
1085.65
1085.65
1085.65
1085.65
1085.65
1085.65
1085.65
1085.65
1085.65
1085.65
1085.65
1085.65
1085.65
1080.79
1080.79
1080.79
1080.79
1080.79
1080.79
1080.79
1080.79
1080.79
1080.79
1080.79
1080.79
1080.79
1080.79
1080.79
1080.79
1080.79
1080.79
1080.79
1080.79
1080.79
1080.79
1080.79
1080.79
1080.79
1080.79
1080.79
1080.79
1080.79
1080.79
1080.79
1080.79
1080.79
1080.79
1080.79
1080.79
1080.79
1080.79
1080.79
1080.79
1080.79
1080.79
1080.79
1080.79
1080.79
1080.79
1080.79
1080.79
1080.79
1080.79
1080.79
1080.79
1080.79
1080.79
1080.79
1080.79
1080.79
1080.79
1080.79
1080.79
1080.79
1080.79
1080.79
1079.16
1079.16
1079.16
1079.16
1079.16
1079.16
1079.16
1079.16
1075.89
1072.6
1072.6
1072.6
1072.6
1072.6
1072.6
1072.6
1072.6
1072.6
1072.6
1072.6
1072.6
1072.6
1072.6
1072.6
1072.6
1070.94
1069.28
1069.28
1069.28
1069.28
1069.28
1069.28
1069.28
1069.28
1069.28
1069.28
1069.28
1069.28
1069.28
1069.28
1069.28
1069.28
1069.28
1069.28
1069.28
1069.28
1069.28
1069.28
1069.28
1069.28
1069.28
1069.28
1069.28
1069.28
1069.28
1069.28
1069.28
1069.28
1069.28
1069.28
1069.28
1069.28
1067.61
1067.61
1067.61
1067.61
1067.61
1067.61
1067.61
1067.61
1067.61
1067.61
1067.61
1067.61
1067.61
1067.61
1067.61
1067.61
1067.61
1067.61
1067.61
1067.61
1067.61
1067.61
1067.61
1067.61
1067.61
1067.61
1067.61
1067.61
1067.61
1065.94
1065.94
1065.94
1065.94
1065.94
1065.94
1065.94
1065.94
1065.94
1065.94
1065.94
1065.94
1062.58
1062.58
1062.58
1062.58
1062.58
1062.58
1062.58
1062.58
1062.58
1062.58
1062.58
1062.58
1062.58
1062.58
1062.58
1062.58
1062.58
1062.58
1062.58
1059.19
1059.19
1059.19
1059.19
1059.19
1059.19
1059.19
1057.49
1057.49
1057.49
1057.49
1057.49
1057.49
1057.49
1057.49
1057.49
1057.49
1057.49
1057.49
1057.49
1057.49
1057.49
1057.49
1057.49
1057.49
1057.49
1057.49
1055.78
1055.78
1055.78
1055.78
1055.78
1055.78
1055.78
1055.78
1055.78
1055.78
1055.78
1055.78
1055.78
1055.78
1055.78
1055.78
1055.78
1055.78
1055.78
1055.78
1055.78
1055.78
1055.78
1055.78
1055.78
1055.78
1055.78
1052.35
1052.35
1048.89
1048.89
1048.89
1048.89
1048.89
1048.89
1048.89
1048.89
1048.89
1048.89
1048.89
1047.15
1047.15
1045.41
1045.41
1045.41
1045.41
1045.41
1045.41
1045.41
1045.41
1045.41
1045.41
1045.41
1045.41
1045.41
1045.41
1045.41
1045.41
1045.41
1045.41
1045.41
1045.41
1045.41
1045.41
1045.41
1045.41
1047.19
1047.19
1047.19
1047.19
1050.76
1050.76
1050.76
1050.76
1050.76
1050.76
1050.76
1047.27
1050.85
1050.85
1047.35
1047.35
1047.35
1047.35
1049.15
1049.15
1074.3
1097.66
1097.66
1097.66
1097.66
1097.66
1097.66
1099.45
1103.05
1103.05
1103.05
1103.05
1103.05
1103.05
1103.05
1117.42
1119.21
1122.81
1122.81
1122.81
1122.81
1122.81
1128.2
1128.2
1128.2
1128.2
1135.38
1133.78
1133.78
1133.78
1135.58
1149.98
1149.98
1149.98
1149.98
1149.98
1149.98
1149.98
1149.98
1148.39
1148.39
1148.39
1150.2
1157.41
1164.62
1179.04
1179.04
1179.04
1179.04
1179.04
1179.04
1179.04
1180.85
1191.66
1195.27
1236.73
1236.73
1236.73
1236.73
1236.73
1236.73
1236.73
1236.73
1236.73
1236.73
1236.73
1236.73
1236.73
1236.73
1236.73
1236.73
1236.73
1236.73
1236.73
1236.73
1236.73
1236.73
1236.73
1236.73
1236.73
1236.73
1236.73
1236.73
1236.73
1236.73
1236.73
1236.73
1236.73
1236.73
1236.73
1236.73
1236.73
1236.73
1236.73
1236.73
1236.73
1236.73
1235.3
1235.3
1235.3
1235.3
1235.3
1235.3
1235.3
1235.3
1237.11
1302.12
1446.6
1517.04
1529.68
1574.83
1580.25
1634.43
1634.43
1666.93
1672.35
1694.02
1703.05
1703.05
1703.05
1703.05
1703.05
1703.05
1703.05
1703.05
1703.05
1704.86
1704.86
1704.86
1704.86
1704.86
1704.86
1704.86
1704.86
1704.86
1704.86
1704.86
1704.86
1704.86
1706.67
1730.14
1730.14
1730.14
1730.14
1735.56
1735.56
1735.56
1735.56
1735.56
1735.56
1735.56
1735.56
1735.56
1735.01
1735.01
1733.9
1733.9
1733.9
1733.9
1733.9
1733.9
1733.9
1733.9
1733.9
1733.9
1741.16
1781.11
1781.11
1781.11
1781.11
1781.11
1781.11
1781.11
1781.11
1780.16
1780.16
1780.16
1780.16
1781.98
1785.62
1805.67
1805.67
1805.67
1805.67
1805.67
1805.67
1805.67
1805.67
1805.67
1805.67
1805.67
1805.67
1805.67
1805.67
1805.67
1805.67
1805.67
1805.67
1805.67
1805.67
1805.67
1805.67
1805.67
1805.67
1805.67
1805.67
1805.67
1805.67
1805.67
1805.67
1805.67
1805.67
1805.67
1805.67
1805.67
1805.67
1805.67
1805.67
1805.67
1805.67
1805.67
1805.67
1805.67
1805.67
1805.67
1805.67
1805.67
1805.67
1805.67
1805.67
1805.67
1807.49
1809.31
1831.17
1836.64
1867.62
1874.9
1898.59
1944.14
1955.07
2004.27
2004.27
2004.27
2004.27
2004.27
2004.27
2004.27
2004.27
2004.27
2004.27
2004.27
2004.27
2004.27
2004.27
2004.27
2004.27
2004.27
2004.27
2004.27
2004.27
2004.27
2004.27
2004.27
2004.27
2004.27
2004.27
2004.27
2004.27
2004.27
2004.27
2004.27
2004.27
2004.27
2004.27
2004.27
2004.27
2004.27
2004.27
2004.27
2004.27
2004.27
2004.27
2004.27
2004.27
2004.27
2004.27
2004.27
2004.27
2004.27
2004.27
2004.27
2004.27
2020.67
2020.67
2020.67
2020.67
2020.67
2020.67
2020.67
2020.67
2020.67
2020.67
2020.67
2020.67
2020.67
2020.67
2020.67
2029.78
2048
2048
2048
2048
2048
2048
2048
2048
2048
2048
2048
2048
2048
2048
2048
2048
2048
2048
2048
2048
2048
2048
2048
2048
2048
2048
2048
2048
2048
2048
2048
2048
2048
2048
2048
2048
2048
2048
2048
2048
2048
2048
2048
2048
2048
2048
2048
2048
2048
2048
2048
2048
2048
2048
2048
2048
2048
2048
2048
2048
2048
2048
2048
2048
2048
2048
2048
2048
2048
2048
2048
2048
2048
2048
2048
2048
2048
2048
2048
2048
2048
2048
2048
2048
2048
2048
2048
2048
2048
2048
2048
2048
2048
2048
2048
2048
2048
2048
2048
2048
2048
2048
2048
2048
2048
2048
2048
2048
2048
2048
2048
2048
2048
2048
2048
2048
2048
2048
2048
2048
2048
2048
2048
2048
2048
2048
2048
2048
2048
2048
2048
2048
2048
2048
2048
2048
2048
2048
2048
2048
2048
2048
2048
2048
2048
2048
2048
2048
2048
2048
2048
2048
2048
2048
2048
2048
2048
2048
2048
2048
2048
2048
2048
2048
2048
2048
2048
2048
2048
2048
2048
2048
2048
2048
2048
2048
2048
2048
2048
2048
2048
2048
2048
2048
2048
2048
2048
2048
2048
2048
2048
2048
2048
2048
2048
2048
2048
2048
2048
2048
2048
2048
2048
2048
2048
2048
2048
2048
2048
2048
2048
2048
2048
2048
2048
2048
2048
2048
2048
2048
2048
2048
2048
2048
2048
2048
2048
2048
2048
2048
2048
2048
2048
2048
2048
2048
2048
2048
2048
2048
2048
2048
2048
2048
2048
2048
2048
2048
2048
2048
2048
2048
2048
2048
2048
2048
2048
2048
2048
2048
2048
2048
2048
2048
2048
2048
2048
2048
2048
2048
2048
2048
2048
2048
2048
2048
2048
2048
2048
2048
2048
2048
2048
2048
2048
2048
2048
2048
2048
2048
2048
2048
2048
2048
2048
2048
2048
2048
2048
2048
2048
2048
2048
2048
2048
2048
2048
2048
2048
2048
2048
2048
2048
2048
2048
2048
2048
2048
2048
2048
2048
2048
2048
2048
2048
2048
2048
2048
2048
2048
2048
2048
2048
2048
2048
2048
2048
2048
2048
2048
2048
2048
2048
2048
2048
2048
2048
2048
2048
2048
2048
2048
2048
2048
2048
2048
2048
2048
2048
2048
2048
2048
2048
2048
2048
2048
2048
2048
2048
2048
2048
2048
2048
2048
2048
2048
2048
2048
2048
2048
2048
2048
2048
2048
2048
2048
2048
2048
2048
2048
2048
2048
2048
2048
2048
2048
2048
2048
2048
2048
2048
2048
2048
2048
2048
2048
2048
2048
2048
2048
2048
2048
2048
2048
2048
2048
2048
2048
2048
2048
2048
2048
2048
2048
2048
2048
2048
2048
2048
2048
2048
2048
2048
2048
2048
2048
2048
2048
2048
2048
2048
2048
2048
2048
2048
2048
2048
2048
2048
2048
2048
2048
2048
2048
2048
2048
2048
2048
2048
2048
2048
2048
2048
2048
2048
2048
2048
2048
2048
2048
2048
2048
2048
2048
2048
2048
2048
2048
2048
2048
2048
2048
2048
2048
2048
2048
2048
2048
2048
2048
2048
2048
2048
2048
2048
2048
2048
2048
2048
2048
2048
2048
2048
2048
2048
2048
2048
2048
2048
2048
2048
2048
2048
2048
2048
2048
2048
2048
2048
2048
2048
2048
2048
2048
2048
2048
2048
2048
2048
2048
2048
2048
2048
2048
2048
2048
2048
2048
2048
2048
2048
2048
2048
2048
2048
2048
2048
2048
2048
2048
2048
2048
2048
2048
2048
2048
2048
2048
2048
2048
2048
2048
2048
2048
2048
2048
2048
2048
2048
2048
2048
2048
2048
2048
2048
2048
2048
2048
2048
2048
2048
2048
2048
2048
2048
2048
2048
2048
2048
2048
2048
2048
2048
2048
2048
2048
2048
2048
2048
2048
2048
2048
2048
2048
2048
2048
2048
2048
2048
2048
2048
2048
2048
2048
2048
2048
2048
2048
2048
2048
2048
2048
2048
2048
2048
2048
2048
2048
2048
2048
2048
2048
2048
2048
2048
2048
2048
2048
2048
2048
2048
2048
2048
2048
2048
2048
2048
2048
2048
2048
2048
2048
2048
2048
2048
2048
2048
2048
2048
2048
2048
2048
2048
2048
2048
2048
2048
2048
2048
2048
2048
2048
2048
2048
2048
2048
2048
2048
2048
2048
2048
2048
2048
2048
2048
2048
2048
2048
2048
2048
2048
2048
2048
2048
2048
2048
2048
2048
2048
2048
2048
2048
2048
2048
2048
2048
2048
2048
2048
2048
2048
2048
2048
2048
2048
2048
2048
2048
2048
2048
2048
2048
2048
2048
2048
2048
2048
2048
2048
2048
2048
2048
2048
2048
2048
2048
2048
2048
2048
2048
2048
2048
2048
2048
2048
2048
2048
2048
2048
2048
2048
2048
2048
2048
2048
2048
2048
2048
2048
2048
2048
2048
2048
2048
2048
2048
2048
2048
2048
2048
2048
2048
2048
2048
2048
2048
2048
2048
2048
2048
2048
2048
2048
2048
2048
2048
2048
2048
2048
2048
2048
2048
2048
2048
2048
2048
2048
2048
2048
2048
2048
2048
2048
2048
2048
2048
2048
2048
2048
2048
2048
2048
2048
2048
2048
2048
2048
2048
2048
2048
2048
2048
2048
2048
2048
2048
2048
2048
2048
2048
2048
2048
2048
