17.6667
16.1333
16.6
18.4333
20.6
19.0825
18.2222
16.2413
15.719
16.2905
17.9905
17.0317
15.8325
15.1563
15.21
13.3385
14.581
16.4667
14.2762
15.2254
14.5921
11.8603
11.8333
10.6065
10.0803
12.4524
13.0817
14.773
18.1683
14.687
14.8975
10.7706
11.4652
11.2658
11.9039
10.8643
12.2126
12.4388
9.52771
10.2571
11.3242
14.461
14.3698
11.3166
14.6547
15.8134
13.6864
13.7655
12.4655
11.3362
13.8029
13.5133
12.7038
11.2059
11.9306
13.6499
10.2055
9.66032
9.10635
7.82828
10.1404
9.93564
9.91025
7.63175
7.42222
7.78326
10.1341
5.84574
6.57374
7.04603
7.83016
9.24358
11.0016
9.61977
10.8785
9.32136
8.23651
9.69048
7.92637
8.96263
7.02828
10.1544
9.42612
11.2443
8.71074
8.80606
5.2886
6.14603
8.52381
10.6095
10.1
6.58701
8.83651
8.37443
7.47273
9.80043
8.91858
8.96772
8.77314
9.01441
12.5516
12.128
8.95786
7.51635
8.45368
7.25281
9.0254
7.67778
7.21717
8.20635
9.61111
9.66508
10.3095
9.99841
5.26325
9.10072
8.13979
7.32612
7.80043
9.16104
7.63405
9.61255
10.6372
9.53723
8.77056
7.42868
8.34199
5.21353
8.82209
9.09658
11.0296
9.08042
8.90293
6.29841
8.44733
9.20264
8.66984
10.0397
11.2048
9.96349
10.6889
11.0159
7.2267
9.73463
8.97273
10.2823
10.6203
10.3147
10.1782
10.0499
7.56392
10.0595
9.6039
11.1333
11.0587
9.1254
7.1746
7.6851
5.00733
5.70805
7.55018
7.56923
7.76955
9.36797
9.24135
9.11368
7.2105
8.76288
8.63907
8.8013
7.4986
8.36209
8.84084
11.3206
7.84329
11.458
10.9268
11.6674
11.8946
10.4188
9.96032
10.433
9.19971
6.11025
8.96984
10.8937
10.0819
9.33907
9.5632
8.42824
10.2778
7.50159
8.13492
8.2254
9.84444
8.24675
8.21472
9.55527
7.89812
7.72193
8.20519
7.18456
9.71659
8.73035
5.23218
6.0798
6.74127
6.81111
6.46263
6.10891
5.83748
2.59596
4.6486
4.87241
5.15653
8.20924
8.09336
7.02482
6.91602
8.08543
6.62603
7.1877
7.96984
7.38606
6.39466
7.28514
7.58355
7.94069
7.914
7.514
6.73911
7.41685
8.86604
9.1562
10.2918
8.92767
5.72637
7.62576
6.45466
6.47991
8.3232
8.42031
9.10603
7.43431
7.45495
7.30354
9.45592
1.32086
6.07021
9.08005
12.3801
7.92291
8.55437
7.29246
9.32193
3.55534
7.97342
7.45527
9.7039
5.32915
5.44632
8.76234
5.55628
7.13723
8.1129
5.64856
7.88303
6.84218
9.48747
8.80528
8.64303
9.6738
10.0281
10.1628
10.7418
8.47991
7.54265
8.63024
7.61595
6.34611
9.80736
8.72824
9.76894
8.50825
5.60228
7.21974
5.05307
6.9245
8.65307
8.44892
10.8962
9.7118
6.9737
8.075
8.68914
8.40592
8.78355
6.3013
14.4869
12.4026
12.0693
11.8772
11.4502
3.95844
6.35022
7.65339
6.94672
6.63878
9.08193
3.39304
4.8921
7.80325
11.9852
9.34831
7.34961
7.25945
6.05596
6.8258
8.31339
3.34961
5.6468
2.75989
3.98883
9.78852
8.84913
6.9228
12.8825
8.79353
10.4415
6.96847
10.4415
3.96739
1.69798
6.06147
6.56162
5.514
6.4013
7.3024
4.05781
5.74352
6.58479
5.71813
5.12635
4.45175
4.4327
3.87397
4.29619
5.77715
6.91939
7.50029
6.95913
4.12262
3.71469
5.13038
6.60311
0.298635
7.39165
6.60704
5.52496
6.59232
7.44975
6.6307
6.91166
5.64719
7.47734
5.64084
5.90433
0.301154
5.26533
4.618
3.79593
4.1877
3.4267
2.86797
3.18225
3.52987
3.9967
2.72394
-0.179236
3.24299
1.07798
1.40141
4.2583
7.12182
1.51168
4.52848
4.6924
5.43428
5.41523
5.27079
5.42317
5.24095
4.35393
5.49679
4.34848
2.6066
2.93518
5.34104
5.49659
6.05579
0.331249
1.16487
0.537887
2.27708
3.04975
4.89106
5.01817
5.3191
6.26611
6.52423
7.62423
6.69815
6.80987
1.99593
3.44355
3.388
5.10559
5.8791
5.39212
5.31007
4.58626
4.32753
5.18121
5.01959
6.71483
5.30054
-0.0536757
4.19284
2.6561
4.53994
1.14087
6.88245
3.83388
5.12146
6.4342
5.22785
4.27997
4.63817
1.33211
4.58449
4.3074
5.18111
4.37131
6.80807
6.97627
7.45786
7.63723
7.05974
5.17215
6.99593
6.73776
5.57492
5.50545
6.12254
6.9527
7.24288
6.1245
5.65587
5.87302
5.82222
8.45079
7.66349
7.51111
7.35873
7.44036
8.24399
8.24399
6.79786
7.09206
0.183962
4.36066
2.4891
3.82883
3.86176
3.32298
1.54942
0.878582
0.497629
0.535725
1.39559
1.82354
5.95283
4.67392
5.13898
8.21518
8.57629
9.30917
8.13035
6.41938
-1.44655
4.42028
7.01406
4.43879
7.49757
4.8571
3.58389
3.23715
5.32429
5.52021
5.50966
8.47619
4.88184
7.50748
7.49409
7.63163
6.52686
6.47788
7.87108
7.57427
6.30406
5.37494
3.07122
3.90476
2.8
1.24848
3.91515
6.68571
5.46667
-1.39346
-0.0601307
-1.39346
2.77949
3.04615
3.04615
3.31282
---------------------------------
18.6663
18.2157
16.1956
14.9676
14.8177
14.7327
13.8399
13.4568
13.4439
13.1685
13.5923
13.0507
12.5374
11.7842
11.5517
11.7602
11.8362
11.2245
10.8833
10.3259
10.6434
10.6676
10.9831
10.2969
10.6455
11.2115
11.2369
11.1176
10.7734
9.82911
9.33925
9.1105
8.83798
9.20859
9.63067
9.0111
8.80936
9.01321
8.98084
9.05173
8.89915
8.92025
8.96718
9.32912
9.28544
9.09531
9.27235
9.18779
9.24241
8.79147
8.47345
8.75948
8.66088
8.02697
8.95774
8.92
9.04265
8.86154
7.90306
8.21861
7.63537
8.09393
8.37643
7.96625
8.09575
8.06061
7.54464
8.01719
8.06957
7.68789
7.64561
7.73615
7.80456
7.7351
7.44406
7.27178
7.56368
6.81809
7.18601
7.35533
7.21374
6.50642
6.6705
6.97945
6.79892
7.04501
7.09727
6.96713
7.12072
7.05463
7.02889
8.05763
7.79903
7.83985
8.01105
8.17289
7.38837
6.53824
5.77144
6.43529
6.73592
6.71428
7.07471
6.86918
6.69452
6.52957
6.67764
7.21598
7.88516
7.74637
7.56427
7.43008
7.11161
6.2589
6.54482
7.05969
7.21106
6.70744
6.73425
7.34172
6.85858
6.0322
6.84364
6.76768
6.83641
6.97585
7.05818
7.73318
7.14762
6.54145
6.30968
6.53307
6.24072
5.87915
6.8484
6.5657
5.89472
5.64391
5.95232
5.93326
5.88226
6.24146
5.97229
5.69265
4.76703
5.12522
5.66424
5.91532
5.36938
5.48067
5.6481
5.25528
5.17015
5.14548
5.27817
5.25925
5.09702
5.34359
6.41
6.39399
5.52141
5.27107
5.31799
5.41268
5.39877
5.68504
5.89826
5.70385
5.77357
6.33002
6.01398
6.24288
6.42167
6.32059
6.19447
5.51369
5.27381
5.31885
5.14403
4.62316
5.3531
5.35864
5.60258
5.97
5.54306
5.63556
6.08453
6.02151
6.45863
7.17824
7.62414
7.1138
7.05922
5.98912
5.84659
6.1791
6.01091
6.00346
5.76529
5.71371
6.92
6.13966
6.14827
6.24438
5.81308
6.23776
6.65477
6.18487
6.56934
6.84498
7.25542
7.54784
7.22013
7.03773
7.26198
5.80636
5.87993
5.81071
5.50491
6.34422
6.23152
6.92234
6.88767
6.69572
6.48545
6.43946
6.46799
6.91079
6.83983
5.68925
4.7851
5.2793
5.74246
5.00442
5.40424
5.70407
6.28112
6.32173
5.67152
5.11896
4.73779
4.43952
4.23987
4.05015
4.67054
6.16071
6.27905
6.22886
5.57786
5.90628
5.47741
6.22842
5.82497
6.46547
7.14449
6.37294
6.16572
5.61375
5.95673
5.45764
5.30078
6.19299
6.57102
6.20014
6.15239
6.00297
6.61775
5.77284
5.79828
5.08097
5.78101
5.2161
5.68104
5.14755
4.37889
3.88522
3.4753
4.15817
4.33454
5.13506
5.7241
5.86067
4.99287
5.5771
5.33506
5.94381
5.2339
5.65275
5.47392
5.34694
4.48036
4.93147
5.11993
4.9839
5.0781
5.75145
5.32705
5.2631
6.13335
5.92952
5.72058
5.70294
6.40129
4.95123
4.90869
5.07741
5.15805
6.15362
5.79519
6.15568
6.3845
5.85786
5.80707
6.03144
6.18945
6.32963
5.27779
4.37247
4.88252
4.99966
4.44691
3.68593
4.74653
5.10896
4.57395
4.27686
4.29449
5.17558
5.29819
4.83172
4.86552
5.08219
5.07701
4.76602
4.7949
4.99506
5.13467
5.69549
6.39859
5.44309
5.15677
5.59397
5.36886
4.8296
5.29276
4.20416
3.77753
4.32907
4.43974
5.34662
6.32315
5.96585
5.63205
5.6442
5.58561
5.79049
6.60098
6.08228
7.01461
5.63282
5.99194
5.30498
5.19949
5.13816
5.37933
6.358
5.21472
4.26201
6.33954
5.33527
6.26914
5.93139
5.61327
5.83476
4.65025
5.52123
6.70702
6.56335
6.07267
6.72764
6.78447
6.07139
6.75152
5.79754
5.29168
4.74113
5.06911
5.28242
4.31694
4.55617
5.59635
4.63098
4.72437
4.71999
5.22652
5.16719
5.18307
5.38084
4.84644
4.55662
4.28109
4.54207
4.9176
4.21503
3.95335
4.53929
4.49769
5.42731
5.57657
5.22225
5.04369
6.62337
5.81003
5.44179
5.38084
4.60739
5.06348
5.19933
5.26978
4.71919
4.68411
5.04066
5.96767
5.86727
6.36933
6.71001
6.77639
6.70871
5.62487
5.47836
5.46044
5.62867
5.69416
5.29346
5.9072
5.2284
4.64742
4.17646
5.35051
4.96575
5.01409
5.36365
4.90055
5.67347
5.60252
6.18695
5.23102
4.42999
4.26955
4.7642
4.10072
3.28505
4.93348
5.20465
5.46998
4.87941
5.41314
6.73949
6.54526
5.71698
6.15831
7.11836
6.75923
6.3631
6.61089
5.78977
4.67722
4.43348
5.06949
4.79069
5.2412
5.50358
5.76159
5.55263
4.56545
4.40239
5.19836
5.21768
4.58014
4.95406
3.62256
3.80499
4.56675
3.65532
5.46665
4.58209
4.43733
5.27507
5.41288
5.38598
5.4105
4.89192
4.84182
5.18618
4.45011
3.48349
3.54626
3.36039
3.29715
3.47703
2.88227
3.3567
3.60128
3.28372
2.79374
3.88638
4.84308
4.77333
5.0267
4.63841
3.68032
3.97145
3.90401
3.2913
3.01184
2.39538
1.83966
2.93767
3.74552
4.57216
4.8918
5.82958
5.95193
6.86792
5.72883
5.52345
5.97372
5.7065
4.77622
4.73237
4.16032
4.05164
4.79041
4.82322
4.65881
5.1982
4.8748
5.57043
5.91152
3.63415
5.18926
5.52692
4.86516
4.47673
4.96174
4.79535
4.76226
3.838
4.09975
4.48061
4.71312
4.1754
5.09046
5.16058
4.65409
4.86558
5.03232
5.06154
5.04106
5.05667
4.56225
3.93309
3.97722
3.47111
3.99398
3.97391
3.55485
4.37449
5.50217
5.30301
4.95489
4.34557
3.5622
4.63286
3.56781
4.39552
3.85616
3.37019
2.94865
2.59287
3.48295
4.09113
4.3377
4.5559
4.44456
4.13772
4.53728
5.54584
5.60468
5.11385
5.68615
5.87309
5.76087
5.1533
4.99961
3.99015
4.30045
4.16968
5.03695
5.07136
4.64536
4.84113
5.33136
6.1609
7.37753
6.64677
7.28952
6.00367
5.04838
4.25824
5.83373
4.68364
4.26578
4.19057
5.11229
3.94519
4.3021
4.40969
5.08712
5.60133
5.58181
5.83666
6.37351
5.51125
4.19955
3.64071
4.78589
5.49152
6.52404
5.91099
5.98408
6.29585
5.59061
5.24205
4.83306
4.07949
4.40353
5.19531
5.07811
6.00342
4.67745
5.27503
5.26916
4.97895
5.1637
5.15808
5.65689
5.46001
5.61827
6.00582
5.03839
5.57449
5.87443
5.23059
5.06895
5.19706
5.15592
4.99924
3.93688
4.12678
4.75261
4.45975
5.07519
5.06113
6.27154
5.53334
4.54344
5.50007
5.33701
6.53436
5.72614
5.44305
5.81231
5.48476
5.66346
5.45505
5.20125
5.29302
5.96439
5.18129
4.41286
4.6949
5.0841
5.41201
5.56266
5.61931
5.75767
6.55458
4.47089
4.48412
4.68229
3.96429
3.84778
4.74623
4.70421
5.02626
5.37851
4.83178
3.93949
3.75215
4.74127
5.20312
6.23913
4.99387
4.93577
5.41057
4.88036
4.3796
3.55841
4.01069
4.73252
4.65308
5.39375
6.36447
6.20258
6.44741
5.40758
6.50586
6.88458
6.40891
6.26986
4.78211
4.40896
4.45503
4.49601
4.51627
4.16112
4.71136
5.15628
5.58682
5.22473
5.49582
6.49204
6.99587
6.83825
6.29432
6.4378
4.66453
4.96454
4.83879
4.77659
5.65925
5.78052
5.69173
5.6227
5.497
5.3961
5.47222
6.5954
6.75958
5.35063
5.14509
5.19627
4.70922
4.14076
4.71526
5.0209
5.25932
5.65694
4.02499
4.12483
4.929
6.02682
5.04818
3.29152
3.82325
4.65585
4.2583
3.38222
2.20133
1.89558
3.29358
3.36808
3.28203
4.95565
5.0202
4.9684
4.33128
4.83369
4.92111
5.89858
5.01661
5.00388
5.12223
5.24839
4.1482
4.68175
4.21098
5.66427
5.6592
5.0834
4.40979
5.10209
4.69178
5.90559
5.36678
5.27243
5.089
4.88229
5.38889
4.90453
4.93687
5.20125
6.18743
5.64926
5.31691
4.95999
5.71188
5.39316
6.06691
6.48706
5.44957
5.55893
6.12667
4.80408
4.42323
5.01087
4.58503
4.01835
3.34513
4.02065
4.79677
4.57496
4.26123
4.35542
5.49018
3.87448
3.14408
3.00843
4.28434
4.08776
5.17201
4.86394
4.16967
3.90121
2.91398
4.19932
4.67617
5.50401
5.46664
4.46061
3.20437
4.40901
4.84954
5.05548
5.25188
5.39794
4.28336
3.34974
3.61679
4.24202
4.78778
5.5536
4.03292
4.63992
4.95044
4.3754
4.45944
3.89804
3.96551
3.53352
4.84272
4.32292
4.16083
4.18893
4.25631
4.39284
3.51931
3.82312
5.29027
4.10086
4.32632
4.26801
4.55335
4.74596
4.8519
4.1341
4.06794
4.78884
5.46721
4.14471
4.94536
4.66782
4.5873
3.43575
3.64886
3.35566
3.65028
3.58017
4.09586
3.24167
2.598
4.05893
4.71669
4.42986
4.12297
4.69776
5.19034
3.59382
4.11598
4.13442
3.98937
5.20892
5.61905
4.64599
4.4186
3.99432
2.98211
2.94315
4.0552
3.00072
3.94954
3.2029
3.97408
4.21102
4.84888
3.78845
3.53925
3.17828
3.05762
3.79589
5.04638
4.44866
5.20734
5.24927
4.36989
4.44382
4.7305
4.8863
5.15534
5.00463
2.90619
2.34779
3.45736
3.85381
3.31572
3.8288
4.99955
4.40323
3.2536
3.65576
4.10852
5.22133
4.48138
5.1914
5.89438
5.48096
4.77213
4.96111
3.40487
3.12843
3.65022
3.61351
3.90751
4.53428
4.62275
4.0205
4.36245
4.18374
4.78879
5.0337
2.76541
2.48633
2.6825
3.90164
4.19285
4.1973
4.58427
3.35325
3.73444
4.38192
3.01179
4.00116
4.88082
4.73303
3.73896
3.79744
4.81364
4.98302
4.1075
3.70995
3.78873
4.63375
4.47304
3.7259
3.02489
2.90323
3.15921
4.79449
4.12433
3.96077
3.42491
2.93845
3.37911
3.62277
4.05295
3.57162
3.26709
3.45183
4.8538
4.03973
5.02046
5.53717
5.38676
5.0298
6.07943
5.36348
6.22696
5.86391
5.71763
5.28968
5.22577
5.83274
6.69943
6.5309
4.61033
4.77657
5.47983
3.47286
4.23653
3.80157
5.43917
6.36508
5.9067
4.96292
5.42075
6.48696
6.20482
5.12601
4.57977
5.3559
5.8023
4.75144
4.67231
4.58189
3.85206
3.40695
4.0223
4.77147
4.825
4.55676
4.55621
4.10793
4.73738
5.16157
3.89882
4.43279
3.5541
4.65403
3.79554
2.44673
3.41817
4.43355
4.62972
4.45332
3.68041
3.70801
3.98947
4.91882
5.1486
5.81262
5.55412
4.52679
5.2963
4.81545
3.69416
4.13104
5.15071
3.92565
4.00594
4.11356
3.86729
4.04387
4.61795
5.65341
5.74103
3.74873
5.02369
4.49794
5.14276
6.51383
4.52962
5.2061
4.56715
4.58725
5.37841
4.34701
3.67002
3.50547
3.55354
4.39375
4.6953
4.13401
4.15928
4.69222
4.55468
5.03846
4.96971
4.27315
4.60771
3.56336
4.69032
4.83226
2.60997
3.00271
3.19216
3.02797
3.34844
2.6454
4.16787
3.90334
3.17342
3.44297
2.8643
3.20818
3.34412
3.96709
3.70772
2.62802
2.30873
3.11171
2.82125
2.52822
2.58913
4.46524
3.75137
4.49484
3.80406
4.15545
5.42247
5.2436
4.69026
4.18045
4.48258
3.444
3.89657
4.28536
4.15795
3.09838
2.51107
2.98589
3.43951
3.63019
4.34698
4.90556
2.61043
1.0741
1.35924
2.60032
2.41142
2.19297
1.1184
2.38654
2.80578
1.92228
1.65588
2.6877
2.59395
2.31653
3.8964
3.3808
3.68767
4.11866
4.81172
2.96974
2.83174
3.70022
3.60666
3.72105
3.7679
4.30027
3.93037
3.17458
4.03527
5.05583
3.27996
3.11791
3.61334
2.91013
3.62336
3.38977
3.04594
1.47333
2.66713
2.72928
2.88288
1.6133
0.976024
1.42325
3.96529
4.00404
3.88192
2.89276
3.38758
3.84687
2.92773
4.63944
2.74072
3.69009
3.86935
3.11672
3.71473
2.39416
3.34763
3.88971
3.22975
2.41565
2.33232
3.29648
2.01728
3.97573
2.60312
3.19159
4.05308
4.14219
3.59994
1.93146
2.29202
3.60803
3.69575
3.59297
4.80622
4.23976
3.1176
2.46315
2.45598
2.37365
2.01673
4.05894
4.48506
3.63354
4.25912
3.32258
3.69958
2.66241
2.73593
1.4519
1.69555
3.92941
1.08561
1.0273
3.09047
2.54339
3.56521
4.35527
4.32567
2.37376
3.84512
3.13105
3.98078
3.51723
4.15815
4.72322
3.49451
3.45985
2.17298
1.11745
2.17884
3.17565
3.72138
2.12593
2.48615
2.06247
2.15273
2.52838
2.18889
3.053
3.13716
2.69589
2.74772
1.04164
2.04234
-1.24358
0.763837
1.76417
1.95193
0.707292
0.17132
2.11239
1.48636
0.225768
-0.00330002
0.619959
1.19268
0.419397
2.22733
3.09057
0.144767
0.158195
0.438571
1.762
1.79751
1.43425
1.08347
1.5082
0.890767
0.872949
-1.2852
-1.98847
-0.485215
-0.798502
-0.10598
1.68394
0.538535
0.265548
0.562387
-0.70262
0.236778
0.19991
0.945434
-0.54807
-0.528113
-0.481117
0.788531
0.307427
0.369341
-0.978141
0.12823
1.17951
2.7394
0.512255
0.622736
-1.45776
0.256209
0.236215
-0.896652
-0.845855
0.0329459
0.443975
0.0981178
1.03449
0.144087
0.559887
0.810267
2.71469
0.217796
0.618975
2.2059
0.991714
2.98843
0.394326
0.00363119
3.99507
0.131098
-2.41017
0.29687
2.25991
2.46261
2.22484
4.43173
3.56872
2.46633
-1.76193
2.32069
4.24588
4.63803
3.41424
0.434357
-0.119692
0.474326
-0.752584
0.255567
3.07327
0.471315
0.175278
-0.749593
-1.52188
-0.711244
-1.7366
0.402315
2.11574
3.10982
1.18242
1.80067
0.944385
1.11375
2.19981
-1.17402
-0.425328
2.23293
4.78773
3.77536
1.95156
2.06939
-0.935726
-0.618874
0.417669
0.163638
0.841827
0.380077
-1.17908
-3.0424
-2.2854
-1.8184
-0.914146
0.848703
-0.781477
-0.521716
1.29191
1.97355
-0.220816
-0.189
-2.75832
-0.931013
-0.161107
-1.24258
-2.31405
-1.58578
-1.44215
-1.78851
-1.17061
1.04925
2.78838
1.82225
4.43832
2.10254
3.62966
2.54769
4.08037
2.12058
0.730115
-1.00918
-2.16775
0.871854
0.265338
1.79416
3.74504
3.70293
3.54955
2.04679
0.21822
0.940066
-0.301513
0.606818
0.426367
0.226868
0.444746
0.654939
-0.0219658
0.538159
-2.32785
0.766252
-0.00834707
-2.68203
-2.84744
-2.08253
3.14921
0.858183
2.03303
5.31523
2.60865
0.228303
0.454414
2.21181
1.99928
2.06243
2.14865
3.53612
1.34263
0.678428
2.58875
2.29848
2.19376
1.44556
2.16235
2.33779
5.17989
4.7829
0.4158
3.0993
2.22451
3.08065
4.15834
4.89962
5.82682
3.39896
5.63418
4.60481
3.73208
2.83566
5.64658
6.84945
5.58676
7.77554
9.35978
2.90491
3.95763
7.17471
2.94482
2.96847
3.05911
2.78325
2.05681
3.04991
3.09589
7.30213
6.34455
3.24197
4.94754
7.38251
4.088
3.82221
2.73321
2.91186
3.78411
2.69511
2.60579
3.62779
7.63918
9.65643
8.42452
5.21302
4.37283
4.40338
5.28665
7.66695
3.74445
1.12814
-0.710938
0.73274
2.48906
4.37412
7.76722
8.24963
6.85593
6.63525
4.33639
0.477391
6.7815
4.38018
-0.23591
3.97558
7.42386
7.92961
5.20777
2.40317
1.71045
5.86064
5.29053
7.17558
9.85145
6.78938
3.15194
5.79812
4.25231
4.35441
3.58638
5.52166
3.48735
4.41508
3.69703
2.81952
2.7302
2.54366
1.42051
1.85269
2.97453
3.51181
2.62117
5.65308
1.05081
1.28822
2.7319
4.48822
6.37328
9.82155
9.68362
3.71936
-0.686736
1.29473
-3.32136
0.890137
3.53447
1.76239
3.5568
5.56582
1.98889
5.10171
4.01574
4.71905
8.10295
6.93382
3.30339
5.463
1.84216
4.13002
3.90376
4.60707
7.99098
6.82185
2.94923
4.93759
4.54796
6.70888
1.83221
4.17043
4.87374
7.65075
5.60017
7.18572
8.09607
4.67713
7.71949
6.33493
3.94146
3.64231
6.81866
4.97406
5.75161
6.81537
5.11012
3.08403
4.17789
8.07068
4.04773
8.87803
5.60511
0.992848
5.20334
7.71989
4.49414
1.98595
3.87101
7.0986
6.20664
3.02503
6.71718
4.57955
2.13938
5.77016
6.29831
8.3991
6.0595
6.80554
7.51617
7.2546
5.43114
5.61885
6.35159
5.81349
5.88836
6.52285
---------------------------------
18.4988
18.2331
16.7669
16.2247
15.2436
14.4337
13.72
12.7754
13.3717
13.3518
13.8308
13.4595
13.4927
13.5486
13.6993
12.9234
12.3819
11.1544
11.8533
11.7821
11.5073
11.4654
11.9522
11.5076
11.0724
11.1088
10.8364
11.5115
11.3731
10.8207
10.1038
9.81266
9.19338
9.53314
9.18023
8.68663
8.18608
8.50048
8.68004
8.35983
8.18488
8.33389
8.24288
8.43798
8.80299
9.31689
8.84694
8.13518
8.44834
7.89611
7.8781
7.37635
7.20829
7.54484
8.02909
8.13278
7.41964
7.77687
8.20456
7.03762
7.20398
7.57652
7.73604
7.62028
6.87849
6.85856
6.29518
7.52094
7.43028
7.00013
7.86318
7.16439
7.27407
7.4551
6.72582
6.17941
6.27211
6.85573
6.64394
6.00557
6.57504
7.48675
6.89437
7.15767
7.96241
7.2273
6.68182
6.97388
6.51091
6.71227
6.29137
6.24431
6.39199
6.7553
7.14502
6.58028
7.90293
8.04075
6.79908
6.94962
7.33644
7.37434
7.37453
6.65186
6.92612
5.58053
5.69122
5.92221
5.20982
5.77324
7.08605
7.87034
7.22701
6.73791
6.50186
6.6868
6.78614
7.00315
6.28193
6.04734
6.20176
7.08051
7.60681
6.62606
7.32351
7.74298
6.55885
7.06478
6.07704
6.76995
7.34889
7.14081
6.70563
6.68345
6.20367
6.30676
6.18194
6.67564
7.30592
7.29327
6.65997
6.59208
6.05323
5.57336
5.71832
5.49601
5.52256
5.57761
4.47748
5.21045
6.3013
6.21803
5.67929
6.15564
5.68156
5.55167
4.8681
5.03505
5.41889
4.3054
5.50182
5.93281
5.09617
5.34235
5.41241
5.60588
6.12853
5.84218
6.65461
7.13379
6.90043
6.57373
5.92072
5.8534
5.04502
6.03354
5.73198
5.91483
5.85379
5.36925
6.4753
7.02118
6.55935
5.99907
5.52249
6.2669
5.93567
6.41139
6.97743
7.56733
6.81646
6.49154
7.2615
6.49467
5.63113
6.01826
5.57079
5.0935
5.13231
5.41283
5.41223
5.65703
5.85526
5.68189
5.07394
5.82716
5.96095
6.14985
5.92118
5.4714
5.06404
5.77766
5.9008
6.30825
5.46787
5.43577
6.52096
6.11127
5.80819
5.61028
4.92534
4.76932
4.83042
5.24407
4.19367
4.82522
5.61982
5.42568
5.16569
5.05047
4.97973
3.86017
4.86262
4.70692
4.58877
4.2188
4.01755
5.09904
5.37356
5.56454
5.43088
5.59599
5.30599
4.69084
4.72225
5.10922
5.25726
5.93987
5.1318
6.30201
5.97772
6.76227
6.42116
6.81149
6.22974
5.9817
5.18993
5.40164
4.84281
4.09866
4.74825
5.75191
5.80484
6.05664
6.45073
5.94605
5.67029
5.3361
4.63642
4.46215
4.72801
4.37002
4.26877
4.38748
3.9081
4.3798
4.37261
5.18546
5.23706
4.86817
5.16395
4.38519
4.50508
5.03551
5.26916
5.33447
4.37801
3.79423
4.2702
3.78642
3.90344
4.03179
3.99979
3.8343
4.54481
5.86658
5.73828
4.62074
5.28716
5.11274
6.39297
7.18056
6.2842
5.98861
6.74247
6.39468
6.54378
5.89105
4.45716
5.16019
5.35175
6.16885
6.20044
5.78038
6.58317
6.44851
5.90175
5.7849
4.89361
4.99551
5.33143
4.61537
4.69319
4.72057
5.27579
4.98771
6.25734
5.52784
5.90073
6.18108
6.58991
7.33725
7.0082
7.71136
6.86387
6.95249
5.65651
6.2315
6.58833
7.15406
6.4323
5.29124
5.9613
5.3527
6.38719
6.07036
5.78024
6.2489
6.72937
6.28475
6.37856
6.39367
5.5895
5.45971
5.1665
5.43819
5.37393
5.46192
5.81407
5.38412
6.55301
5.26266
5.94193
6.38222
6.08533
6.82896
5.61444
4.98138
4.44394
5.00578
5.20889
4.67977
5.21902
5.2094
5.49573
5.48026
5.53041
5.63086
4.61024
4.76993
5.25289
5.53501
5.34692
4.69661
5.08862
4.59971
4.89284
4.89931
3.80271
5.02896
4.8873
5.40776
3.76143
3.80258
4.89014
5.25732
6.30673
6.20321
6.08258
5.08047
4.15739
4.23336
4.82587
4.91852
5.55246
5.25972
6.00581
5.57117
5.8465
5.723
6.57341
6.90329
7.13658
6.94107
5.33681
5.61692
5.61621
5.95536
6.60607
5.31043
5.42642
6.64937
5.81757
5.63106
7.15646
6.18943
5.67849
6.30167
6.201
6.38092
5.91322
5.88074
5.75723
5.14707
5.45626
5.6452
5.11168
5.2213
4.93199
4.46504
4.66076
3.86256
4.95491
5.57682
5.52357
4.98555
6.01142
5.78876
5.45867
4.59176
4.5174
4.73455
5.38657
5.15993
4.04878
5.24607
5.11754
5.48364
5.74026
6.53408
6.14869
5.94787
5.03331
5.23527
5.25687
5.24698
4.62946
5.2835
5.42481
4.29663
4.77011
5.99057
5.87178
6.04816
5.98383
5.79647
6.1449
5.97455
5.84882
6.10623
5.46543
5.60226
5.7816
5.87913
6.33819
6.86859
6.80763
6.48666
5.70046
5.63961
6.72722
7.24711
6.70074
5.80115
5.54261
5.46167
5.05094
4.80509
5.11331
4.32164
4.79885
6.12679
6.01173
5.9111
4.04358
5.03039
4.86461
5.09126
4.80349
4.05438
3.89531
4.53973
4.52839
4.08251
5.11692
4.10906
3.95003
4.7942
4.77053
6.31688
5.97767
6.45987
6.92837
7.52611
7.14592
7.57258
7.06286
6.81975
5.89223
5.60276
5.33484
5.96102
6.5819
7.30574
5.62104
5.16612
5.65372
6.04907
5.88054
5.5085
5.66275
6.00363
6.0492
5.1802
4.31367
4.99771
4.82923
6.36097
6.18712
5.17544
5.60006
6.84533
7.40626
6.77598
6.51531
7.27747
5.50581
5.52564
4.97058
5.76678
6.23391
6.26732
6.36189
6.29155
5.5795
5.30356
4.86772
5.81542
4.70885
5.56085
5.69534
6.36806
6.3959
6.48807
6.332
6.98967
6.36251
6.20239
5.53312
5.97603
6.03263
7.30753
7.13787
7.5499
7.35004
6.47518
6.81004
7.44019
8.80861
8.56957
6.72287
6.66861
6.70329
6.32222
6.5062
5.41767
6.73605
6.84535
6.77439
5.81402
5.66532
5.621
4.96751
6.07136
6.04503
4.69921
6.21399
6.34634
5.80569
4.86783
6.00297
5.61455
6.64023
6.40088
6.25666
5.64665
5.77652
5.77688
6.10479
6.38693
6.39702
6.47291
7.42209
6.28789
5.68883
5.29092
5.986
5.99785
5.81696
4.60738
5.06821
5.65719
6.02026
5.08201
5.65806
4.84305
5.81394
5.29286
4.9978
4.95125
4.8353
5.59164
6.46997
5.95062
5.6406
5.78335
6.91451
5.57096
6.48494
6.9263
6.68151
6.44143
4.86388
5.50833
5.63281
4.7612
4.28312
3.83642
5.3278
5.71917
6.17909
6.07373
5.05505
4.49158
4.32486
4.89971
5.38768
5.68772
6.51891
6.52215
6.11274
6.83887
5.85914
5.25695
5.0048
4.91108
5.63881
4.36354
4.61992
5.56156
4.34904
4.65224
4.58672
5.94913
5.15051
4.88915
5.10901
4.97175
5.88356
5.62295
4.22319
4.16371
4.09213
5.14985
4.77692
4.32314
4.95739
5.79483
4.39281
3.75469
3.59672
4.90592
4.67457
3.28464
3.33688
3.61174
3.10963
2.67895
4.1096
3.59673
3.92183
4.41747
4.07819
4.23331
3.06153
3.93909
4.78483
5.11323
5.08736
3.74981
5.01175
3.91677
4.39604
4.59595
4.80829
5.11061
5.38617
5.84099
6.93315
6.21321
4.89271
4.33312
4.9193
4.19124
4.66179
3.93933
5.31344
4.99473
5.19439
4.44179
3.3539
3.80161
3.71225
3.74292
4.52415
3.24275
2.73945
3.38057
4.34468
4.96407
6.3077
6.38709
5.02148
4.22057
3.88983
4.11239
3.3994
5.25221
5.13929
4.24842
5.80833
5.66608
5.14615
3.65561
5.14755
5.97437
4.89768
4.18455
4.01886
3.22564
3.84211
2.89476
4.35741
5.20799
4.57091
4.64566
4.67997
5.03962
4.45808
4.91931
5.40147
5.59162
4.74176
5.75156
6.26986
4.68107
4.96989
4.56207
5.91312
7.07537
6.51488
5.01044
5.25595
5.67179
5.05976
7.1194
5.78307
6.0779
4.80211
4.21122
3.99942
4.20422
4.09553
4.70697
6.41141
6.0921
5.58452
5.59811
5.41651
4.33112
4.1617
4.89142
5.8936
5.767
5.79425
6.41512
6.11823
5.4515
5.08876
4.18255
4.74824
4.82006
6.04317
6.09053
7.40943
6.90146
5.65778
5.53735
5.91905
5.70713
5.5662
5.43337
4.55221
5.27798
5.97585
6.12663
6.48338
6.91294
5.50553
6.09446
6.74033
7.03812
6.3066
6.03631
6.36761
7.87403
6.58532
6.27236
5.92644
5.37415
5.15439
5.68936
6.83077
6.0319
5.20173
5.64879
5.30017
5.90038
4.88128
5.31711
5.26918
4.18926
4.39623
5.26642
5.15895
5.87549
4.61321
4.88017
4.90548
5.44821
6.12245
5.66223
4.79781
5.99116
5.77397
5.84256
5.3258
5.56037
6.65967
6.18461
5.93176
6.57075
6.15523
4.71439
5.28568
6.35225
5.55888
5.30184
4.24296
4.40774
5.65612
5.34065
5.44002
5.57316
4.4029
5.39566
5.69863
5.42462
5.27477
4.97507
5.21356
5.31447
4.6633
4.39826
4.38567
4.66076
3.53475
3.74334
4.78757
5.19027
5.03508
5.39473
5.58883
5.9072
4.86334
4.40411
4.78752
5.93216
5.01104
4.68929
4.38772
5.44426
5.07174
3.60595
4.28649
4.1666
4.66486
3.91723
3.82797
5.30022
4.66099
3.737
4.85718
6.23654
6.50085
5.49875
5.20889
4.29315
5.32328
4.98336
4.61606
4.82757
5.35106
4.2165
3.89352
4.00473
3.78167
2.9587
4.35793
5.09808
6.28793
4.99231
5.29561
5.63452
6.01786
6.3207
6.16862
6.08945
5.32057
4.29551
2.89852
3.81882
3.7633
4.29618
3.84874
4.43017
3.90114
3.78877
3.78929
5.17957
7.04241
4.93296
5.17383
5.56322
6.33701
5.87923
4.59109
6.20662
5.61095
5.00733
5.0324
5.8155
5.08985
3.33509
4.74151
4.4763
5.12086
4.7429
4.87077
5.23026
4.82012
3.82741
3.59353
1.31344
2.16977
1.92605
2.22059
2.39585
3.00437
3.45197
3.55635
4.0581
3.93497
2.81055
3.17553
2.76137
3.91461
2.82355
4.07035
2.9598
2.97542
2.34299
3.09774
4.35672
3.41541
5.38778
4.62757
4.55975
2.97362
3.17181
2.62464
4.69838
3.41697
4.06465
3.67036
4.90715
2.44629
2.07023
2.55228
2.38649
2.36545
1.87677
2.70197
1.6036
2.7742
2.6708
3.25585
2.65645
3.71139
2.80683
2.97252
3.10743
3.59658
4.72163
4.90549
3.90199
3.6892
4.95129
5.15189
4.54026
3.98072
2.88762
3.7744
3.59827
4.44871
3.75966
3.80346
4.06626
3.54405
2.62914
3.80028
4.30058
4.71517
2.98039
2.86648
2.83626
4.91623
4.37956
3.18719
3.57282
4.01687
2.30588
3.40609
2.84817
2.94517
3.48043
4.54667
3.14027
4.45743
4.51928
4.85044
3.81887
3.38428
3.91927
4.70957
4.44785
5.43208
3.77725
3.2112
2.8236
2.38219
3.75545
3.95432
5.5424
4.71461
4.4695
4.43423
3.68047
3.84613
4.37323
3.11538
4.57235
5.0602
6.94167
5.04455
4.24561
3.82016
2.52933
4.03948
5.56221
4.46585
4.05638
4.65518
4.10823
4.1019
4.7863
4.84013
2.76202
2.33104
1.36059
2.53124
4.4617
4.83768
4.86426
5.1447
5.40048
4.44138
4.55077
6.12785
4.71369
4.61078
3.79598
5.28361
4.05089
5.56072
5.26305
5.3201
5.23221
5.67161
6.79991
3.90313
5.36413
4.79606
3.60181
4.88028
4.81674
5.29858
3.95511
3.8711
4.40975
3.22788
4.06438
3.53261
4.72183
5.16877
5.18793
5.22768
6.02709
4.91909
5.32042
4.31099
4.90325
4.09251
3.51343
4.76244
3.72826
3.68768
2.00958
2.87734
2.88045
2.62253
4.5644
3.83902
3.46236
4.09703
4.74158
4.55562
4.08169
3.8373
4.72197
4.03949
2.58779
4.52103
3.4695
4.03734
3.13334
4.94278
2.31848
0.865856
3.62223
3.9476
1.78626
1.72744
1.24628
1.69311
2.68035
3.0356
3.10618
1.52179
3.12042
2.62063
3.43884
2.20499
2.43601
3.5578
2.8839
2.81099
0.312207
0.735294
-0.0306711
2.08765
2.10178
3.43314
3.7355
1.50403
4.25888
3.4815
4.31172
3.58435
3.08772
3.1852
2.99619
3.74499
4.06732
3.94925
2.62501
3.79268
5.68168
4.38221
4.86569
4.1783
3.85745
4.62454
5.57563
2.18437
3.79041
5.37638
6.94227
5.48803
5.4957
5.35653
6.44196
6.33939
5.54175
3.98951
5.26103
5.82503
5.02873
2.26084
3.84964
3.39973
3.08655
4.16621
4.94477
5.21861
5.72822
3.20605
3.73314
3.46923
2.37105
4.14394
3.99744
5.61171
5.63999
4.26811
5.4978
2.19715
2.48696
2.94504
3.32397
3.3352
4.0564
5.66384
4.50777
2.95827
4.86484
3.08409
3.59271
4.56715
5.56605
3.53237
7.06725
4.34173
4.07276
4.28566
4.39936
3.46133
3.49709
2.9169
3.6237
3.79442
3.74988
3.16557
5.12728
5.02171
5.88834
4.81374
4.73141
3.64189
4.20562
3.14047
3.38194
4.60932
3.87083
5.84348
5.49724
7.83089
7.44208
5.07641
6.38457
6.39137
2.97641
2.54375
3.37437
2.83151
3.45268
2.97413
5.69438
5.27828
5.72238
3.23367
2.01422
3.46551
6.20051
6.88804
1.5657
1.71382
2.41172
4.05494
3.10136
5.92698
5.53176
4.52697
-0.970499
-4.41955
-3.63884
3.18389
4.61882
2.69113
-0.0819149
4.79797
2.63462
-1.79204
2.40796
4.98129
2.48415
4.69367
3.13653
1.37479
1.22241
-5.55854
-5.44426
-1.32997
-2.39664
---------------------------------
18.6931
17.9281
16.9549
15.931
14.9071
15.0671
13.7418
13.1296
12.4173
12.5855
13.1342
12.892
12.8924
13.2669
12.3909
12.166
12.1906
11.8807
11.9141
10.829
10.5428
10.822
11.1066
9.40285
9.58622
10.7182
10.9638
10.984
10.6873
9.49106
8.44508
8.59244
8.62036
8.62439
8.52276
8.28366
8.48312
8.54652
7.93547
8.13465
8.61378
7.96587
8.64552
8.79577
7.91381
8.25957
9.27594
9.57613
9.41604
9.07137
8.78535
8.51785
7.52969
7.76083
7.95213
8.11727
8.31983
7.88142
7.66529
7.33204
7.43217
7.75087
7.19351
6.54735
6.98902
7.40235
7.09801
7.20626
7.01588
6.11656
6.20107
6.48025
6.57455
6.47101
6.76343
6.4356
6.10995
5.84753
6.24708
6.73111
7.24872
7.34156
7.19956
6.94161
7.47373
6.54709
7.10281
6.47655
5.83473
6.44893
6.27919
5.53996
6.17267
6.39486
6.90353
7.24858
7.21427
7.15773
7.59244
7.22623
8.02082
7.26974
7.08597
6.2208
7.13833
7.12102
7.17194
6.83291
6.89509
7.29921
7.12458
7.17829
7.27469
6.62564
6.95007
7.13017
5.75932
6.48957
6.03838
6.0802
6.09782
5.94223
5.40573
5.33339
5.13667
5.25911
5.98995
5.55398
6.06692
6.43464
6.74612
7.80994
7.58552
6.97916
6.82908
5.56132
5.64972
5.98641
5.64537
5.81768
5.71242
6.18928
7.13519
7.17198
6.36362
5.23803
4.80109
5.30677
5.47243
5.93957
6.34347
5.73509
5.25881
5.59226
4.75782
5.19418
5.05043
4.74897
4.94476
4.39824
5.08556
5.97231
5.85301
5.13503
5.18777
6.24532
5.44759
5.45337
5.51886
5.62473
5.49112
5.41066
5.99181
7.1038
6.10312
5.85642
5.23208
4.94531
4.84062
6.03335
5.71221
5.64341
5.90045
6.09263
6.93261
7.67435
7.14105
7.264
7.42494
7.47732
8.21057
8.2674
7.63338
7.49108
7.36195
7.36523
6.48865
6.48168
6.06623
5.5928
6.92538
5.52335
6.00286
7.41717
7.06748
6.27064
7.40895
7.04375
7.22511
7.64156
7.82751
7.44434
6.9734
8.34053
7.66936
7.10606
6.59895
5.74706
5.42525
5.17624
5.5784
6.24165
6.18509
6.26401
5.18044
5.30739
5.98909
5.47141
6.05542
6.03814
6.27726
6.62256
5.91803
5.95536
6.69044
6.99782
6.68304
5.86847
5.68962
4.29629
4.65055
5.92443
5.41842
5.32397
5.37517
5.59749
5.08593
5.47136
6.22185
5.92566
5.66365
7.3031
7.54737
7.54876
6.25629
6.43145
5.67572
6.11579
5.77731
6.25478
6.79859
7.01331
7.64131
6.96112
5.98728
5.78576
6.90869
6.90931
7.12729
6.9774
6.47177
5.44026
5.01404
5.25262
6.54125
5.78834
4.7919
4.76753
5.4617
5.69324
5.06776
4.00835
5.94785
6.47603
5.77123
5.22181
5.43555
5.55209
5.02314
5.3955
4.77193
4.39506
4.4564
4.3612
4.55088
5.23238
4.84552
5.60254
4.53506
4.95407
5.17914
4.90917
6.38731
6.13978
5.18277
4.93299
4.9917
5.27725
5.0447
5.988
6.22133
6.26868
5.35388
5.85146
5.31911
5.51605
6.87058
4.79808
5.26639
4.98947
4.79212
5.15843
4.89676
5.02956
4.66338
4.74995
5.06331
5.909
5.91429
5.47974
5.18941
5.70271
5.58257
5.79492
6.17226
6.03257
6.46974
6.46253
5.78702
6.46201
6.89798
6.72983
6.77696
6.72041
7.14694
6.03624
7.13712
7.12785
6.19262
6.49307
5.71735
4.88626
5.39752
5.5128
5.76426
4.78292
5.31368
5.49202
5.80346
4.64415
4.66192
4.83873
4.07692
4.27469
4.91237
4.51893
4.47334
5.41082
6.36154
7.05653
6.15222
4.99186
6.05026
6.95121
6.2155
5.83415
6.74214
6.68723
7.27568
6.56947
6.00003
5.61934
5.54638
4.90361
6.35728
6.03778
5.8384
5.29847
5.79861
6.05808
6.34716
6.10278
5.03311
4.57589
4.65795
4.25287
5.40775
5.33196
6.03223
6.09365
5.56728
5.94407
6.65278
5.25164
5.43272
6.50002
6.9811
5.82158
5.61639
6.3351
5.31853
6.28149
7.09328
6.58148
6.45782
6.82562
5.6824
5.07369
5.1957
4.72365
4.98831
4.61547
5.31834
5.61906
4.75069
4.68589
5.33508
6.03877
6.3156
5.76578
5.56288
6.74501
6.07255
5.82341
5.68643
4.8064
4.77051
4.88431
5.9822
6.07697
6.42746
4.85113
5.18671
5.85238
5.08293
4.37182
4.90947
5.23906
5.01251
5.17904
4.27377
3.01578
3.99691
4.49722
4.85392
4.3552
4.10274
4.40998
5.72167
6.21879
5.12299
5.23424
5.80933
5.22985
4.88053
4.63226
4.44647
4.78501
5.17581
6.44333
7.04847
6.69975
6.23396
6.22671
6.22116
5.88114
6.12704
5.81674
5.57366
5.63999
5.38232
4.86135
4.52472
4.9115
4.73896
5.30264
5.15631
5.00157
5.05042
4.48958
5.18061
5.01948
4.34092
5.15164
4.42391
3.92966
4.48906
3.91153
4.15541
4.14872
4.68549
4.84006
4.73745
4.28097
3.2848
3.50615
2.97493
3.97312
4.71568
5.03433
4.44256
3.6753
2.43608
3.14204
3.77585
3.04518
2.30257
2.24684
2.7634
2.9777
2.98062
3.51603
3.4204
3.49667
2.9535
2.88426
3.50659
4.03646
4.98554
4.71177
4.12663
4.07939
4.84348
5.15709
4.90834
4.61643
4.45353
5.12467
5.11978
3.97634
4.45405
5.23209
4.32426
3.26403
3.35088
3.89308
4.6632
4.70925
4.99976
4.52202
4.81373
6.14736
4.97054
5.96181
6.25982
6.27259
7.07749
6.27647
5.84423
4.92675
4.12627
4.17059
5.13046
5.10774
5.62625
5.90423
5.46977
4.73647
4.69109
3.47381
4.93564
4.85557
4.02521
3.8104
3.58978
4.49145
4.08282
5.29852
5.99113
4.7696
4.98745
4.32519
4.22476
4.73157
4.80366
5.13689
4.64594
5.26445
5.30751
4.75469
5.14923
4.34725
4.48377
5.69969
4.99202
3.98162
4.0093
4.4263
4.29147
5.18696
4.35122
4.02017
4.41463
5.21838
6.00608
6.67676
6.94123
5.27107
4.8249
4.88073
3.79723
3.92346
4.12252
4.4342
4.59307
4.36493
5.79502
4.59351
4.80469
6.89708
6.25968
5.24327
4.75811
4.3112
3.79112
3.80383
3.31003
2.76227
3.39539
3.58193
3.74936
2.85005
4.5896
4.4352
5.17007
5.63187
5.97794
7.23595
6.58325
6.27338
4.98528
5.18744
4.99928
4.2597
3.10234
3.54895
3.79826
3.11811
3.49024
4.98194
4.54632
4.78731
4.78954
4.79479
4.56601
4.226
4.8855
3.013
2.9892
2.71365
4.36636
5.12877
5.09518
5.37821
4.52946
5.3704
5.64522
6.71693
5.39318
5.42237
5.53378
5.09237
5.26276
4.93159
4.64108
4.75229
4.58224
3.32533
4.35466
4.04385
4.94075
4.1892
4.64997
4.63186
4.48894
3.37258
4.04925
3.79242
4.24449
3.76731
4.52795
4.01455
5.23832
4.87637
5.00855
4.45798
5.34857
4.0102
4.31668
4.12409
4.00792
4.88776
4.75801
3.79143
3.44733
2.11292
1.79588
2.68488
2.84557
3.86874
5.10335
4.48577
4.97608
4.88343
5.15927
4.16026
4.26419
4.54849
3.86722
3.54004
4.0735
3.32928
3.20471
3.35406
3.97289
3.34869
3.81288
3.84482
3.41748
3.80277
4.93402
4.33163
3.72717
4.12714
3.08344
4.0321
3.08181
3.14627
3.86681
3.26121
3.56643
5.02458
4.93186
4.7564
4.03078
3.94886
4.41249
4.85896
4.09207
5.01379
4.5016
4.6791
4.87886
4.15377
3.92176
4.18737
4.59621
5.10612
6.26264
5.16689
5.20997
4.1997
4.7803
5.60759
4.64251
3.37235
3.83476
5.30944
4.39734
3.59207
4.1373
4.01886
4.38628
4.39984
5.86571
5.38231
4.27553
5.21824
5.20537
4.24757
5.32172
5.72049
5.19274
4.1902
3.55698
3.66261
4.05232
3.02658
4.04254
4.3802
4.4015
4.44778
4.5497
5.46338
5.59536
5.18472
4.56552
6.56941
6.34978
5.75821
5.05972
3.86621
3.49724
3.62463
3.75342
3.71374
5.0055
4.39461
4.95652
5.13496
4.87462
5.45765
5.0579
3.64352
3.80622
5.36267
4.42467
3.30939
2.55891
2.64421
3.10651
3.81418
4.03184
2.75695
3.28456
4.10281
3.35613
2.76996
3.99508
5.19497
6.41142
4.01579
3.48702
4.01289
3.62835
2.9835
3.2273
4.37064
4.27064
4.30772
4.33839
4.15095
3.56295
4.51101
4.72637
5.42761
6.31553
5.93322
5.71116
5.65171
5.39815
4.0651
4.24487
4.3232
3.69707
4.76691
5.43384
3.55641
4.7567
4.55216
4.86775
4.70119
4.41
4.92412
4.97165
3.14849
3.19712
4.30926
5.11951
5.49179
3.66614
4.51728
5.2969
3.89144
4.11959
4.22041
3.87926
5.79599
4.78615
4.11002
5.11539
4.26422
4.59373
4.02701
5.21545
4.82168
4.22916
4.33013
4.47937
4.64896
5.26174
5.82697
4.07811
4.3829
3.29323
2.50409
2.49037
4.18191
3.16869
2.06022
1.49585
3.10884
3.4926
3.17697
2.96689
2.51548
2.96755
3.40843
2.80024
3.82516
3.71718
3.19465
2.80303
3.97529
3.95954
4.88966
6.16367
4.76368
4.45906
3.2673
2.32031
1.54938
1.50617
4.68123
3.66067
2.906
4.03243
4.54472
5.24184
4.48588
4.33326
3.63
3.69598
3.86511
4.64407
4.09295
3.92193
3.16994
4.4967
5.30239
5.23714
4.69541
5.77294
5.85441
5.72877
4.81149
2.90692
3.79143
5.34678
4.60143
5.07291
6.48321
4.72447
5.22868
6.10788
5.29502
4.637
4.79554
3.98088
5.28605
5.5167
5.38663
4.78964
4.65642
4.8974
4.46582
5.24924
5.11791
4.25929
3.10597
3.61161
3.97522
4.53253
5.71741
4.90216
3.94413
3.9588
2.71396
1.44774
0.796279
2.17061
2.21394
2.91446
3.39543
4.53019
4.65381
3.98434
4.08538
3.86342
1.62498
2.51833
3.94163
5.94154
4.61215
4.98835
4.71089
4.05347
3.27254
2.85905
3.72919
4.11511
3.82951
3.88438
4.13021
3.91425
2.34452
4.74901
4.0426
3.45614
3.52279
2.58507
1.84101
2.46673
2.89262
2.85614
4.43466
4.07123
2.66536
4.38312
4.54533
3.79335
2.81042
2.83163
3.04806
3.93585
3.97599
3.23753
3.44956
3.37556
3.50978
2.96004
3.59977
3.07375
3.96521
3.65149
2.91174
2.57098
2.80028
3.54495
2.59292
2.97161
3.96275
3.62436
2.52537
3.11856
2.81397
2.29843
2.09476
3.07497
2.40945
1.82065
1.8211
2.41232
1.96324
2.40466
4.5119
3.93963
3.40941
1.07017
1.9538
3.05053
3.1063
3.06666
3.30941
3.11119
3.28736
4.56773
5.18639
5.3907
3.38698
2.90987
4.68305
3.79645
2.817
3.14931
3.28966
3.54893
2.9398
3.27572
3.21862
3.57794
3.83701
3.60189
3.68216
2.91894
3.02956
2.48155
2.14201
1.18774
1.4289
3.14319
3.76653
3.0729
2.15091
1.40743
0.44152
-0.0668497
1.33336
1.81658
1.07267
0.948085
0.754805
1.35453
3.39026
2.07922
2.44448
2.24344
3.1601
3.89363
4.93575
3.51474
5.29799
4.20018
3.5064
1.41766
3.18238
4.52586
4.27389
4.81188
2.89641
4.62479
4.60706
4.92764
3.86816
2.52126
3.72815
2.7111
2.26154
4.07989
3.31247
1.80576
3.40792
3.27541
4.46251
2.80427
3.13442
1.98736
3.7534
3.49074
3.40472
4.9521
5.24712
5.33162
4.69779
3.26114
2.82148
2.61329
3.83121
2.26328
2.0787
1.6437
1.24681
2.66915
2.87715
2.58891
3.67619
4.0962
4.0257
3.21568
2.10347
2.47708
3.05609
3.42053
1.79676
1.20167
0.992703
0.317537
0.916029
2.39599
3.47407
5.30978
4.14168
3.4649
2.10907
3.7777
1.78454
2.13887
2.87294
3.27544
3.48495
3.6997
3.11938
2.36588
3.86751
1.93269
1.39501
2.1693
4.01106
4.09541
4.67918
4.65158
3.8048
2.82848
4.20635
5.3078
4.71803
6.01645
5.08257
4.10735
0.424632
2.97372
4.62232
6.99372
7.1176
5.41753
4.98482
4.44279
3.4345
3.8573
4.73386
4.64452
4.882
5.66975
2.8802
6.25798
6.14362
4.26138
4.88114
4.31369
5.26683
3.09585
2.65254
1.95109
2.40733
3.00106
3.32617
4.95327
5.11167
4.70959
4.8055
4.31377
3.42886
3.58751
4.97837
4.16146
4.62675
4.5951
4.35061
3.41705
1.91258
2.01718
2.90773
4.22768
3.9964
2.59636
1.08001
2.78405
3.00103
3.0996
1.58948
2.28607
2.15056
2.08188
3.03121
4.79181
2.70504
4.36517
5.13261
6.49542
4.97074
2.73899
2.43804
4.73917
3.04353
2.85873
3.63798
5.45967
3.62698
3.38051
4.55422
5.45988
5.58276
4.13994
3.73518
4.02006
2.07609
2.16251
3.62211
2.63763
3.44527
3.03973
4.67229
4.1136
0.485779
3.80208
1.5272
3.6176
3.7365
4.44799
3.85272
1.59256
1.80653
3.847
2.42136
3.22257
2.77025
3.15651
3.55698
6.17006
4.76266
5.37264
5.45301
5.66863
4.3128
2.02445
3.9157
6.43099
5.35611
4.6753
0.957982
2.65773
1.40322
2.22916
0.941113
0.291983
4.04111
4.04904
5.97273
3.7653
-0.00360097
2.46022
2.96415
6.12209
2.70207
3.5317
2.92036
3.83089
5.0029
5.22935
1.49798
3.78858
4.04326
5.24689
4.09045
3.25298
2.69922
1.90609
3.78428
3.87179
2.26655
3.8324
3.82009
4.34215
5.05791
5.94341
5.28156
4.02549
2.97669
3.2959
3.43189
3.23889
3.66954
4.38745
3.31944
0.802397
1.81292
1.30022
1.65292
1.41006
1.51888
3.98774
3.26334
-0.324395
3.08723
3.6949
2.47387
2.43863
3.52625
0.425428
2.56229
0.895245
2.17547
8.16335
12.5755
11.3183
4.97027
6.2101
5.90996
5.46551
4.80593
10.2574
2.85006
3.34719
5.84069
1.9342
4.4319
3.76781
3.11426
2.4488
1.74923
2.33451
2.38299
5.99512
3.35269
2.06784
2.11633
5.78848
3.25184
1.08933
0.370874
3.66784
1.27131
-4.63876
-0.84329
-2.77576
-2.27013
-3.38874
-3.48571
-3.63117
-4.071
-0.580087
-0.580087
0.368831
4.2026
2.82267
5.96505
8.49758
8.2902
3.30909
5.90303
11.8462
8.68718
10.3599
5.61185
-0.542258
1.44562
0.766833
2.63004
6.13364
1.62576
1.54097
4.82597
2.329
5.98615
6.00693
2.314
1.87763
7.41645
2.69264
2.01385
2.11082
-1.60173
-2.59913
-2.84156
-3.93247
-3.15671
0.334199
0.14026
-1.21732
-3.39913
-3.47532
-3.83896
-3.15671
0.334199
1.27619
5.43938
5.36162
6.73997
6.643
2.32785
0.950862
-6.22455
-3.73833
7.33191
7.07102
7.11258
7.11258
7.11258
7.80291
9.74577
4.04071
1.93162
2.40724
3.79252
0.201177
0.0557221
3.51084
4.89775
7.63505
8.02944
5.76797
5.08918
6.18355
7.90041
10.1313
4.82571
1.38328
1.7954
2.47419
1.60147
2.37722
5.37445
3.1547
3.16516
2.96981
2.05444
2.09634
2.08389
2.00016
2.11791
3.18804
3.11531
2.96639
1.68154
0.981977
1.78245
1.64718
1.49243
4.70718
1.07428
0.928827
3.73748
2.39261
4.97385
1.34095
0.66216
1.31324
1.35303
5.06226
0.944513
1.5956
1.58778
5.08277
0.965026
1.61611
1.51221
4.29547
-0.968128
0.0908671
-1.60393
-1.85443
2.88827
4.58481
5.95121
-2.82413
-0.9582
6.4965
5.13893
3.00559
3.22378
3.95105
6.73893
5.20357
8.12421
8.19694
7.22378
3.17456
6.0105
2.69302
-0.297834
3.74572
2.68787
1.71817
-1.70028
2.57758
2.21456
0.315573
0.874771
-0.718504
2.23099
3.81409
2.28294
0.568653
2.01585
0.302406
0.962304
0.101121
0.347008
0.988855
-0.0501057
0.213098
1.63994
2.73085
---------------------------------
19.1933
18.7091
17.7691
17.3779
16.4072
15.7241
14.7122
14.5993
13.7761
14.0833
14.1208
14.3906
14.3896
13.5343
13.4468
12.2737
12.4642
13.141
12.9865
12.442
11.4567
11.7263
11.8571
12.1613
11.2946
11.2897
11.1275
10.4371
10.6087
10.6647
9.52781
9.86311
9.11202
9.69577
8.89295
8.32366
9.56266
9.43297
9.05008
9.31571
9.21989
9.35871
8.48017
8.74827
9.66577
9.84086
10.2117
8.99774
8.74593
8.44464
8.71847
7.61685
7.26607
7.24329
7.82567
7.78032
7.52306
7.97846
8.04785
8.63881
8.67302
8.01029
8.30663
7.60781
7.87841
7.30805
7.40233
7.92796
8.35545
6.65666
6.21814
6.20978
6.17387
6.13125
6.60533
6.09735
6.62172
5.91314
7.02284
7.78601
7.46934
7.17345
7.85944
7.95409
8.31967
7.9379
8.28509
8.2701
8.10877
6.67306
7.30299
7.78792
7.40468
7.18289
7.59948
6.63921
6.68255
7.36563
7.58359
6.52027
6.9477
7.3597
6.50952
6.88052
6.31374
6.27551
7.31409
7.20115
7.15809
7.27102
7.71059
7.19168
6.8113
7.25794
7.31654
6.68552
7.5084
6.88853
6.09167
6.89125
6.76234
6.63061
6.91844
7.92916
6.69117
6.38786
6.74948
6.53218
6.34201
7.66586
7.25024
6.89065
6.32247
6.60393
6.0586
5.71228
6.06442
5.73954
6.28034
6.09316
6.3407
7.41055
7.28925
5.67277
4.83798
5.26783
4.52706
5.67225
5.51339
5.34151
5.97006
5.50626
6.23562
5.5877
6.29456
6.4256
5.56679
5.78298
5.70857
5.67366
4.81658
5.0885
5.54996
6.18135
6.52643
6.62601
6.73023
7.24892
6.00759
6.47368
5.58894
6.43893
7.6737
8.6739
7.3201
7.0292
6.99708
8.02662
8.53136
7.94152
6.98985
6.04753
5.82048
7.68546
7.27228
7.40993
7.81635
7.1832
6.61762
6.34719
6.87066
7.5516
6.77052
7.53753
7.07063
7.43366
7.98492
6.4977
7.33745
6.56359
8.01082
7.61713
6.77718
6.5278
6.1481
5.49519
6.18561
6.51366
6.03631
7.7744
7.51539
7.09898
6.80609
6.02274
6.92118
6.13682
5.80846
5.40179
4.5682
5.02595
4.01307
3.94125
5.52614
5.09531
5.1731
5.02312
4.74015
4.71755
5.49858
5.73302
5.44971
5.33807
5.96046
6.16622
4.85071
4.92342
5.73567
7.41847
6.73623
7.16073
5.64839
5.83333
5.0026
5.831
6.45014
6.35396
5.54577
5.23403
5.87236
5.19088
5.79095
6.42275
6.29879
5.76579
5.96495
6.25091
5.08005
5.66416
4.15019
4.29018
2.91129
4.3631
5.224
5.80353
4.70353
5.33134
4.86714
4.98226
4.38257
4.62092
4.15424
4.21654
4.53199
3.92743
5.12754
4.89674
4.16917
4.04203
3.54911
4.65933
3.56077
3.73536
5.21396
3.7985
3.85306
5.67871
5.47548
5.61209
5.18622
5.05665
4.45031
4.68504
4.57106
6.07391
5.88419
5.2245
5.03429
4.38959
4.15579
6.043
7.24065
6.85566
6.19428
5.64753
6.43331
6.28658
4.98665
6.53328
5.45944
5.68778
6.74049
7.30804
7.13843
6.74841
6.97935
6.42815
6.08299
5.39711
5.14966
6.03929
4.73351
5.80794
6.74604
6.0248
6.35423
5.17022
5.54405
5.8522
4.99377
7.13451
7.13829
6.37341
5.5654
6.12424
7.60965
6.5979
6.48015
7.90942
7.81987
7.65578
6.351
5.19097
6.60282
5.99172
5.22578
5.85574
6.06012
6.17024
6.39625
4.51324
4.59918
5.51028
5.28555
6.1897
5.72005
5.40616
6.04017
5.25021
4.38526
5.84884
5.70626
6.54355
6.39366
6.10958
6.65612
6.81959
4.7585
5.07943
6.66556
5.61465
6.56675
5.78119
5.74918
5.87875
6.71735
6.34886
6.08946
7.13593
6.74425
6.46875
6.5708
6.83054
7.17665
5.54671
6.09311
7.15858
6.27549
5.42222
5.45816
6.27566
6.81774
7.27745
7.23323
7.47858
7.1092
6.64876
5.69608
5.26637
6.23639
5.82308
6.7132
5.60408
5.65389
5.46819
4.63858
5.46737
5.0605
5.43623
4.59823
5.55477
5.39478
5.2615
5.10378
4.05697
5.02316
4.61759
4.00943
4.40131
4.30078
4.49811
4.22768
4.37354
5.61415
6.03092
6.12857
6.083
6.07487
5.73037
6.75614
8.11518
6.26164
5.53525
7.16494
6.34726
5.94127
5.60806
5.49813
5.89169
7.05177
6.8589
6.52239
4.728
5.83358
3.98842
5.53102
5.20497
5.7463
4.81216
3.59975
4.41132
5.14941
3.83409
4.47346
5.77538
5.64949
6.08292
4.86713
5.32254
6.00978
5.64865
5.39598
5.21441
5.18568
4.55955
6.94353
5.72833
5.57657
5.61941
6.44352
8.65748
8.56235
7.90996
6.83232
5.53856
5.42482
5.73871
5.58891
5.19655
6.546
6.38786
6.12053
5.85406
5.71961
6.01998
4.2075
4.2684
6.57434
5.53269
3.74381
3.02195
4.28498
3.89264
2.09977
1.46077
3.62949
3.60813
3.9435
1.79364
1.82416
3.59285
3.8259
3.14123
3.91498
5.29847
1.5092
2.11599
3.24404
4.51386
4.48862
5.16914
3.54059
4.07985
3.78357
2.55346
1.69843
4.19676
4.36651
4.1478
4.03785
4.02663
2.52791
2.90676
4.49929
6.39571
4.93876
2.77267
4.0328
3.89382
2.59091
3.17365
2.26515
3.31846
1.76562
2.75696
2.8663
3.11938
4.33295
4.30307
1.49371
2.59455
3.7563
3.90539
4.44987
3.59444
4.43272
3.88521
2.87833
4.34512
4.29346
3.28397
3.50336
4.26301
4.7405
5.31461
6.14725
6.29844
8.42415
7.29259
5.59237
7.39506
6.10027
5.72639
4.76975
5.75306
5.75551
5.73019
5.31589
6.83418
4.27664
4.07104
5.5815
5.47443
5.92992
6.24247
6.62691
6.76227
5.92529
6.45354
6.24849
6.64195
5.04078
5.87577
5.06439
7.42198
7.9241
6.4464
6.21539
6.83548
8.90933
7.95934
6.90683
6.56035
7.42205
8.06414
8.53299
6.26853
6.26867
6.26132
6.97559
7.52342
6.61637
6.4483
6.83297
7.98474
6.6627
5.45881
5.76199
4.87754
4.65958
5.3348
5.50176
5.4646
4.1576
5.63289
4.45787
4.26115
5.02572
4.88852
4.37567
3.13039
3.37864
3.70389
2.7781
3.13671
5.4161
3.1619
3.23056
3.804
3.52361
3.14045
3.41535
3.42494
3.59457
2.62158
2.04075
3.27753
5.15314
4.3086
2.3927
2.94681
3.50924
3.02456
3.71839
5.82448
5.45148
5.64222
6.35231
4.41776
7.0428
6.92452
8.24853
7.49173
7.37825
5.52878
6.49665
6.61931
5.94554
6.84177
4.63165
5.0838
6.15063
4.74546
5.34701
6.63017
5.41671
5.70484
6.16887
4.17475
3.57945
6.0288
5.45774
5.68078
6.13294
6.22532
6.28961
5.4006
4.73434
4.91456
4.73029
4.4622
5.37255
4.50276
4.77345
4.76389
5.35503
3.55351
4.1502
3.88394
3.66001
3.78105
2.23287
2.50154
1.44256
3.63786
4.60793
5.10253
4.46368
5.35985
5.37458
3.43838
3.13112
3.59024
3.225
4.41826
4.13502
4.66414
2.68046
2.30067
3.06985
4.12797
3.62231
4.46246
4.9679
4.32524
3.53654
3.74441
4.70561
3.93612
5.44247
6.12343
4.78735
4.03131
5.40601
3.64153
2.26452
3.58358
4.44985
3.84306
6.85839
8.60904
6.98331
4.96818
6.48103
8.12833
8.29927
8.00253
7.48427
7.78421
6.7771
5.03453
6.84887
7.56138
5.39677
4.11379
5.99902
6.67241
7.48779
5.34344
5.2647
3.39578
1.87383
3.04401
2.51339
3.38972
3.27478
2.22256
3.13878
5.36724
2.92587
2.59331
4.67417
5.06307
3.51745
3.72131
3.56271
1.81692
2.04679
1.33917
2.47342
5.0336
6.80597
6.20398
6.90691
5.98823
6.57789
6.40292
7.83796
8.05964
7.53623
5.88479
8.96102
8.10104
10.1456
8.90337
5.41215
4.44891
4.08081
5.127
1.92863
1.41173
4.69666
6.56491
7.85045
9.20668
7.63003
5.78959
5.30449
5.53886
5.36982
4.53035
4.55484
5.42141
7.72469
4.79963
2.86535
4.82722
7.167
6.76537
8.15712
8.6114
6.44739
4.57114
8.40865
7.34971
6.87246
1.98661
4.49182
3.6837
5.90993
6.16891
5.11807
5.48995
5.5728
4.79198
3.82891
6.87572
6.46697
2.36323
5.37894
6.401
6.01018
3.81624
5.85167
5.47136
7.4039
8.64177
6.36376
5.42343
6.37033
5.50602
3.12268
2.57174
3.40399
2.40191
4.84386
3.05889
3.1219
3.67077
1.66495
3.69194
1.8278
2.68142
5.07773
5.37667
4.13445
4.58413
3.14063
2.34697
3.08707
4.00494
3.77749
1.50133
4.37281
5.5896
5.6978
3.82376
3.14528
4.20981
2.3217
2.22712
2.6165
2.87095
3.91151
4.10812
3.47474
5.25293
6.49199
5.93837
6.54108
4.43747
5.64148
6.86043
3.78295
3.22905
3.27166
4.57304
4.7236
8.28324
7.42323
6.16206
6.30823
4.68334
6.742
6.1663
5.52638
3.73605
2.36655
0.966952
3.37219
3.71649
1.47702
0.938203
2.39458
4.2263
5.28687
2.40497
3.72584
4.15537
5.13574
6.88797
4.69412
3.91996
3.43945
4.38061
5.19473
6.58534
7.44246
8.38355
4.83613
5.59828
6.87508
7.70529
8.26843
7.92788
6.14147
6.2081
3.50538
3.52013
3.31909
4.46068
3.22073
3.27518
3.55469
2.80857
5.88568
8.41864
7.34095
5.12505
5.34933
5.316
8.0445
8.58973
7.03496
8.04838
7.56811
6.43754
4.35915
3.90701
5.79561
4.08065
3.04295
4.11223
3.92113
5.44429
6.5983
5.60208
5.95939
5.75398
5.91031
5.3636
3.28503
3.75788
5.21737
5.86297
5.98337
5.19441
4.56507
5.16984
6.42569
6.87522
8.50556
6.57828
5.80509
3.39696
3.40972
4.40684
0.963084
2.2479
0.415242
0.284321
-0.949766
1.3587
3.76379
5.21542
5.1029
3.16871
1.27078
1.85301
2.05261
2.36307
3.55394
4.48185
2.76783
-0.915661
0.747792
-0.433898
1.9544
1.6693
-0.544477
2.2384
4.01535
3.74649
0.887187
2.28972
2.30693
2.60049
1.09458
1.52631
2.82125
4.86493
6.6436
2.48108
3.4805
5.18085
6.035
3.61357
1.71065
3.46281
4.04225
3.34931
1.16434
3.56665
4.68682
3.56244
2.58734
1.45942
3.97736
2.77517
1.50482
2.87635
1.77483
2.69576
2.54229
5.55158
5.22308
2.2393
2.5924
1.82082
4.56334
4.96636
5.78545
4.22016
5.77718
4.71349
3.76278
2.08174
0.851151
2.0222
4.76086
5.14488
4.56043
2.74225
1.44854
4.41529
2.10956
2.17823
2.36626
2.40192
1.93832
2.27451
2.23682
3.49131
-1.84789
0.327552
-0.176914
-1.04958
-1.87562
-2.08813
-0.987494
3.95292
3.65947
0.179885
2.26665
3.06912
2.3894
3.24162
2.41404
1.51875
1.83268
0.666737
1.0358
1.97292
2.95403
2.78765
1.76453
1.02988
2.44459
2.67567
1.7807
0.0711503
-2.51562
-1.61748
0.411334
1.90039
1.50802
4.21721
5.86929
4.93927
3.47169
5.23859
4.18024
5.98471
4.86709
4.90347
4.67618
4.62697
4.26535
4.8128
6.93968
6.55087
6.25493
6.68347
5.02197
3.65133
4.7015
4.09324
4.44895
7.47368
8.00952
6.89149
7.49563
6.21061
6.70115
6.05227
4.80249
1.90101
4.53074
5.20996
3.65956
4.11883
5.09105
3.47368
4.07949
3.55583
5.22493
6.06898
3.40231
4.2785
3.38604
2.63359
3.25002
2.94425
1.83353
1.74796
2.99374
3.49527
3.19527
2.86364
4.11104
3.03097
4.09078
3.1651
3.59762
4.74105
5.68661
6.0195
6.86091
6.11575
5.77356
5.04064
4.77776
5.26138
5.81889
5.3
6.33054
6.40114
4.1686
4.39955
4.92098
6.34493
4.92439
3.85678
4.27715
4.59516
4.8419
5.29479
4.99273
4.47899
3.73763
3.37367
3.91136
2.76075
1.33993
-0.827337
0.271347
2.2946
3.76691
3.37286
2.65503
4.02175
4.2289
2.84993
2.10588
1.62929
2.84271
2.40566
1.68753
1.32852
0.192485
0.370371
0.737832
1.75904
0.0860639
1.63231
3.84961
3.67572
3.71227
2.46567
3.34821
3.81501
7.19999
6.59497
7.76826
6.6408
4.10945
3.33592
2.71744
1.68591
1.36337
0.173533
1.2273
3.28691
4.15237
5.14919
5.39935
5.60695
4.45779
4.24284
3.35268
4.33316
3.84495
2.93475
1.90813
3.92612
3.57733
4.238
3.52798
2.69096
1.52205
3.8795
4.52327
4.74066
5.35898
4.99014
3.82579
2.6567
4.69313
3.12415
1.78487
3.01031
2.30566
2.52161
1.83624
0.918819
-0.214858
0.948702
1.74659
1.65485
3.07117
3.03982
2.01433
2.39564
1.93172
2.43643
3.08162
4.70236
3.86927
4.65157
3.76206
2.78378
2.98385
3.00162
2.38829
1.70385
2.69686
2.26598
3.37321
2.85438
3.14708
3.32124
2.26361
1.19839
3.32317
2.64242
3.07469
1.41847
1.84623
1.08317
-1.65514
-0.0607276
2.08956
1.94963
2.39742
0.46648
-1.41841
0.749206
1.81587
2.43048
2.06303
-1.22078
1.93732
2.52017
3.9454
2.5054
-0.930794
-2.32127
0.383492
2.45968
-0.251429
-0.173968
2.43429
4.13049
4.77117
3.52807
3.65057
2.93079
3.97968
5.35111
4.61968
2.37206
3.91111
2.0546
3.63152
5.83296
7.5499
5.79117
5.51561
6.51498
7.44704
5.3742
4.02182
4.44087
7.34194
8.35452
6.74257
7.7013
7.6609
8.59215
7.75267
5.09414
6.74823
6.43509
6.20652
5.84843
6.10747
5.77651
6.04474
6.27158
6.00872
6.16537
5.75573
4.23573
0.662395
3.64906
2.70176
4.91509
3.58557
4.2482
2.84202
6.54372
6.00277
5.98418
6.53074
6.54771
5.51013
2.34139
4.58982
3.08896
3.57938
8.53837
8.04009
8.61557
9.23115
6.11752
4.14038
4.72704
3.68704
5.23394
7.46805
4.8
1.65333
5.34222
5.18603
5.81079
4.17397
3.54367
2.82777
1.15158
0.938244
-1.32842
-0.021756
-0.234574
1.67631
4.08773
7.41887
7.79391
7.57949
6.76841
6.10353
5.36704
6.29299
8.52964
6.97778
5.63048
1.57714
5.42603
5.61016
4.52063
3.25079
3.79302
2.62984
4.72635
2.73263
2.69251
1.92477
1.59335
2.57634
1.63958
2.84085
2.53368
2.94176
4.55594
4.94197
2.98388
1.27619
4.55238
6.64218
4.81905
---------------------------------
18.5941
18.4054
17.4442
17.2855
17.0147
16.4706
16.1008
15.7461
15.4876
14.0699
14.2503
15.3856
14.518
14.7719
13.293
14.0673
13.2451
13.8591
13.9982
13.7488
12.0996
10.7978
12.2848
11.1931
12.0504
12.2394
11.5073
11.8547
12.7369
12.1588
11.6888
11.5898
11.7202
9.3728
10.4944
10.2839
10.3278
10.3301
11.5218
11.2381
10.807
9.51133
8.68168
9.72313
8.2505
8.3352
8.61626
9.29348
10.0354
9.7153
11.4908
9.71644
9.2843
10.0406
9.95968
10.6545
10.2417
9.78145
9.61188
8.82893
8.96513
9.15302
9.1911
9.88552
8.87992
7.696
9.17375
8.24233
9.25937
8.7003
6.72847
8.50681
7.93498
10.1175
8.97595
8.78358
9.38547
9.02082
9.61329
9.65756
9.08818
9.97989
10.18
10.1527
9.61345
9.24431
9.15325
10.451
9.19953
9.6372
9.29065
6.95564
8.2077
8.06246
7.98563
8.06771
7.74576
6.89768
7.59954
9.27158
8.34438
6.95181
9.1381
8.62113
9.27467
10.3246
9.4208
9.04515
8.2211
8.14936
8.91893
8.66781
7.88585
8.54839
9.01073
8.64053
8.44797
6.89457
7.20431
8.00277
7.7564
8.15035
9.26947
8.00376
9.44913
10.4719
9.51426
9.025
9.02557
10.4245
8.42883
8.02691
9.3555
8.25377
7.14011
6.5366
6.62868
6.80176
6.53883
7.96264
7.05328
8.01967
9.48563
9.41124
7.57861
6.87551
7.5601
8.05213
9.28965
9.51524
9.07666
9.88723
8.23942
6.80513
8.30658
8.14103
8.37049
7.39931
7.53212
8.13794
8.17357
7.42114
8.33741
7.7852
8.68705
7.00501
6.60197
5.394
7.27923
8.10295
7.8118
7.59612
7.20156
8.08862
8.35247
8.55448
8.72743
8.45171
7.41077
7.75004
8.50138
7.83519
7.57214
8.005
9.73851
8.12714
7.81482
7.8574
7.72244
9.36494
8.62948
7.70473
7.91153
8.0926
8.54526
6.22185
7.08163
7.26752
8.63735
7.74796
7.99603
7.96461
7.7028
6.94048
8.26555
8.43865
7.51236
7.67305
6.00046
6.99985
6.97022
8.99838
7.74485
8.56962
7.8487
7.48359
7.34105
7.56697
8.65727
8.55437
8.23767
6.43264
6.45305
6.92571
6.24019
7.01411
7.25413
7.57051
6.31134
6.74398
6.50294
6.94353
6.60251
6.216
6.10319
6.46632
6.34806
7.61155
7.96384
7.96659
7.6401
6.73898
7.39749
5.42924
6.37939
6.13372
7.08368
5.60721
7.21867
6.51325
8.14817
8.02196
8.38184
7.58144
8.1866
7.79732
7.19341
8.18113
6.70549
6.95766
7.74034
7.92561
8.49664
8.21312
7.99706
8.82598
7.85444
6.72629
6.79797
6.39066
6.88116
7.08954
7.94729
6.65946
6.69483
6.37297
6.99793
7.77387
8.64543
8.19165
8.07065
7.4785
5.43954
6.21807
7.18606
7.01702
5.29487
7.19371
8.031
7.54131
7.33398
6.69115
6.07431
5.86046
3.76587
4.43967
4.05924
4.41563
7.11186
6.4908
6.04768
6.40891
6.62092
4.99083
5.55989
5.68361
5.89617
4.93772
5.81526
8.76167
6.92898
6.16991
5.49694
7.0632
6.71092
7.43842
7.32724
6.73389
8.0306
8.17862
8.19319
8.79846
7.51362
7.4389
9.50734
8.38758
7.10889
6.19061
6.13877
6.37305
7.19398
7.62533
7.37936
8.20002
9.41643
8.15993
6.88539
6.18413
6.32519
6.81338
8.07429
7.76758
7.61792
7.27811
7.66091
6.78326
7.6927
8.2826
9.01176
9.04972
9.1561
7.95749
6.88308
7.12949
6.81814
7.03258
7.89834
8.39376
7.45902
5.84218
5.78255
6.57566
6.6622
7.719
7.89594
9.43504
8.58883
7.31993
8.0974
7.93223
9.49659
8.33748
6.2098
6.93154
7.63457
7.74884
6.00225
5.82773
6.16099
8.53332
7.69665
8.47567
7.40807
8.22845
7.27223
6.05628
6.25822
6.26342
6.26382
6.86316
7.06162
8.66188
8.59022
6.76405
6.34914
6.3588
6.20002
4.63672
4.29801
5.63572
5.98134
6.94873
5.95692
6.53822
5.86092
5.89638
4.87957
5.94412
6.82505
7.65391
8.06348
8.09603
8.31397
8.33997
7.82692
8.35922
7.28823
8.08974
8.32715
8.12857
9.00808
8.88718
8.13122
7.94669
7.67875
6.10763
6.70695
8.43127
8.4878
8.44491
7.69875
6.50045
5.61102
5.72534
6.01366
7.1585
8.26287
8.37818
9.1076
6.3878
5.18247
5.19688
5.1009
4.25199
4.78833
6.35824
7.85352
7.60072
7.2406
7.50853
8.66869
8.9497
8.70222
8.12175
6.76141
6.74432
7.13129
6.26264
7.13796
8.19991
6.9573
6.34597
6.6686
5.63032
5.87522
5.75971
5.53857
4.94584
7.03409
6.17143
6.26467
5.06444
4.80079
5.99068
6.6581
8.35981
7.71541
8.69479
6.92853
7.35118
6.44707
7.75074
6.82878
6.36083
6.35719
5.77253
3.98685
5.71705
5.61568
5.87616
4.97649
5.15556
5.7414
6.65018
5.39763
7.07523
6.06268
5.51546
5.55365
5.14012
5.21398
4.7147
4.48719
5.99925
6.71241
7.18209
5.97315
5.95148
6.90582
5.97616
5.55325
6.82398
6.76568
5.49339
5.5981
4.7483
3.24411
3.93028
4.13541
6.08808
6.22846
6.39279
6.38809
5.27592
5.55439
4.71521
4.81694
6.14739
5.4388
5.84504
6.88363
5.47153
5.08386
5.00768
6.10235
5.90094
7.42866
7.32239
6.09922
5.7215
5.85192
5.23387
4.89966
5.41215
5.44166
5.73238
5.42177
3.23011
4.93999
6.47775
6.55003
7.21585
6.331
6.04524
3.56661
4.93192
6.23424
5.09823
4.54183
5.47299
4.60669
5.04475
4.34054
2.59972
3.23753
5.02311
4.04987
3.20881
3.73898
5.6417
5.82741
5.78047
5.82165
5.48949
3.67911
3.49753
5.25592
4.44062
4.2738
3.76978
4.2159
3.91335
5.04299
5.29043
5.9002
5.26916
5.80832
4.68814
3.97162
5.04439
4.96924
5.28808
5.53624
4.18952
3.84855
4.49484
4.39791
4.25186
3.47093
3.18344
3.94978
3.14435
3.77843
2.91626
3.28251
3.6115
5.68901
4.64273
5.14769
5.98811
4.23278
5.2338
5.21427
4.90817
5.15566
5.40941
4.56939
4.95305
5.39234
6.73609
6.56631
6.0427
4.87599
5.47402
5.19155
4.89251
5.43748
4.74174
4.34168
3.99822
4.16351
5.17659
6.34805
4.78072
5.89808
5.1442
5.70705
4.16281
6.06032
4.93748
4.37384
3.2996
4.09045
4.15225
4.40645
5.48839
7.18381
7.9285
6.35162
6.00637
5.4006
6.69816
6.11586
5.13956
3.21776
3.17014
5.1069
6.42797
5.51887
5.72375
7.90343
7.8295
6.387
5.6581
7.43708
7.23775
5.08659
5.57016
6.48985
6.34911
5.8778
5.53757
5.31281
5.76341
3.67098
5.31504
6.07427
5.44905
5.58103
3.91758
4.66409
4.45862
5.65669
4.68121
4.43668
6.72
6.67974
5.47936
6.15407
7.3897
5.9614
4.48164
4.622
5.89753
6.15442
6.69348
6.05517
6.0078
7.92956
7.51776
5.92913
6.14969
5.35956
4.61318
3.93939
4.62828
4.55681
5.48272
6.51472
6.83639
5.53372
5.32808
6.44647
7.28325
8.24719
8.25759
7.0583
5.96823
6.76364
4.77469
4.82945
5.22208
7.92021
7.31362
6.30481
6.30901
7.47732
6.62183
5.8011
8.07535
8.80801
7.15407
7.56388
7.27404
7.27941
7.1732
6.77515
6.31182
6.064
7.01292
6.52588
6.90048
5.9113
4.49699
5.55256
5.31729
6.57837
7.78868
6.77807
5.39388
5.95669
5.57732
4.3616
4.17283
4.38611
4.17612
6.19536
5.92353
6.96952
6.70749
4.86841
7.41606
5.92472
6.99573
8.25697
7.73958
5.54547
7.17797
7.44073
6.16017
4.91245
5.10508
6.18439
6.52891
8.11804
6.45119
7.44434
8.09412
8.76033
8.30765
7.31641
6.65047
5.56299
6.76561
6.99255
8.03758
7.51418
6.30969
6.16148
4.19825
6.24791
6.12183
6.54929
6.68018
7.16047
5.64131
7.79567
6.31694
5.8732
5.9655
4.81986
3.60899
5.91024
5.81583
5.85738
6.79
6.489
7.19008
6.5425
5.61979
5.99014
7.09269
7.67602
7.64154
7.10761
7.41156
6.38058
5.68852
5.84535
5.14305
5.18467
5.701
4.33402
7.31615
6.84855
7.23584
6.15825
4.73711
5.53867
6.31591
6.75465
7.19528
5.77193
5.43096
4.36609
5.54809
6.50105
6.94163
5.39282
5.1386
5.65554
7.74824
8.861
7.70709
7.84584
9.17133
7.38241
6.91996
5.99105
6.7898
6.86155
5.19811
3.97303
3.67087
4.18213
3.91445
2.5961
2.55222
3.93056
5.55942
4.48357
3.64079
4.29208
3.96066
4.35365
5.1664
2.89553
3.70464
4.90544
4.60939
6.34918
5.74484
5.08066
4.7957
4.77474
4.44673
3.3458
4.0548
3.37251
3.19508
3.77352
4.19038
2.90967
6.60359
5.62306
5.68861
6.62468
5.84731
6.80421
7.17386
7.38215
5.82135
4.48204
5.83077
5.32512
5.85348
5.2454
6.29732
7.54422
4.84527
5.63156
5.71648
5.24387
5.0476
5.35802
4.3916
3.59798
3.69109
3.96577
2.97343
2.45183
3.08336
2.39352
2.4264
4.74178
6.09075
6.54386
5.43728
6.24955
5.35136
5.22064
6.98572
6.92839
6.44693
4.88598
5.18989
4.27108
4.75913
5.56355
3.92574
2.74281
2.49955
3.96516
3.37864
1.81351
3.18954
3.61794
4.13667
5.00226
4.17887
4.52694
5.33522
5.24812
5.39724
4.46144
5.19203
3.55356
3.4296
4.10881
5.39904
3.73884
2.73415
3.37218
3.87589
3.76792
5.56208
5.13293
7.09083
4.06159
2.39239
3.00098
6.59367
6.1677
5.57052
4.94446
3.77877
3.61456
1.65982
2.46303
3.96119
4.59407
7.0376
7.05847
6.33236
6.05592
5.62052
5.27413
4.63825
4.88037
4.85353
4.55627
6.73259
7.16289
7.25731
6.19558
4.01692
3.63261
3.93706
4.40793
3.94984
5.07011
5.58457
4.47963
4.92848
6.5746
6.32303
7.80631
7.60382
7.74369
7.61604
6.82484
4.60685
5.72575
5.75443
6.39868
5.75964
4.29405
5.84063
5.19231
4.11612
1.86176
4.80338
5.03455
6.17614
5.31983
4.30871
5.38325
4.9937
4.3613
3.67581
4.19825
3.16727
2.72215
4.00835
3.18445
4.61025
2.24917
2.99427
3.53457
3.49771
2.64409
1.0935
1.40726
1.9885
2.35826
1.95991
2.2638
1.44351
0.0311379
3.5612
3.98495
3.8454
5.57436
5.47517
7.90364
6.48028
5.91762
6.09647
6.24007
7.85961
6.48151
5.13545
5.41355
4.67333
4.74042
4.96957
3.8967
3.00068
5.02129
2.87842
3.18635
4.15224
5.48176
4.72289
2.02838
2.84445
3.89861
4.88301
5.47815
4.09796
5.48143
3.9588
2.95232
3.88362
6.29422
4.97471
3.44793
4.26632
4.64767
4.30956
3.28854
4.14686
3.17899
4.68369
4.47741
5.38312
5.24098
4.86692
3.73452
6.28985
4.6133
5.45843
5.01578
4.73999
4.81647
6.13079
6.06173
5.60502
1.67063
2.93606
4.95237
3.88272
4.2297
2.44743
3.15418
2.53757
3.13723
3.03354
5.1509
3.7733
3.37351
2.90307
2.43692
4.21718
4.50864
6.49713
5.88161
5.27623
5.22642
4.6167
3.39378
3.4321
2.03105
1.91469
4.78438
3.87573
2.8155
2.95485
3.85023
3.67297
2.90608
3.41049
1.92958
3.02904
3.61146
3.02989
4.06038
3.33419
1.39202
1.68382
0.951574
2.49037
2.81407
2.51895
2.82249
3.38849
2.83007
2.15961
3.55078
2.65902
3.13892
3.29522
5.77629
2.81907
0.583452
-1.08759
0.513439
0.322105
1.45775
0.293104
-0.391066
0.512752
1.7352
2.08411
3.62338
2.25864
5.63134
4.43169
3.70961
3.90118
3.92483
5.39559
4.71675
3.16547
1.69177
2.15625
2.28992
1.63286
2.73574
3.02496
3.16625
3.68417
3.52117
4.40014
6.19455
7.1399
5.60221
5.04104
6.24095
7.81684
7.53095
8.557
8.49704
8.12619
7.21849
4.83165
6.26743
4.42993
6.32845
7.18559
5.97388
6.52335
5.59637
3.97044
6.68141
6.98774
7.61424
7.29642
6.21996
6.21296
6.73716
4.76336
6.52906
6.39699
4.93506
4.35618
5.51781
5.53071
5.9124
6.08752
7.46287
7.29558
6.15025
5.97268
5.35211
7.59207
7.14835
5.64467
4.40191
5.99629
6.16581
6.56249
6.23232
5.72155
4.5994
6.37911
4.17621
4.45878
3.51038
4.52819
6.31839
5.15897
5.73813
4.88678
4.81664
2.23003
3.47955
0.925668
1.84989
4.77677
6.15284
5.88136
4.92154
5.6064
4.12837
1.75404
2.73821
1.25625
3.73493
3.27945
1.77552
1.10802
3.65406
5.8746
4.14485
4.81415
3.58577
4.2632
4.13941
7.03624
8.51821
8.79078
5.68066
6.54049
4.78634
5.23851
5.4599
4.22805
6.99228
5.70935
1.65303
3.55172
3.92909
3.54593
2.07886
0.93329
5.12853
2.49694
1.18943
2.97707
1.5001
3.96776
4.94581
3.92123
5.11097
4.37383
2.92538
3.06286
1.50773
1.18452
4.89913
2.1146
2.81768
3.05374
4.4774
6.12091
6.74105
6.02171
9.14832
7.69723
4.64874
4.47565
2.57089
1.56468
2.2283
5.09127
3.0943
2.85875
5.00069
3.09179
3.55059
2.68765
2.67026
2.95928
2.12269
4.3987
5.77123
6.57787
6.39037
7.28236
7.32874
6.07531
5.56966
6.60755
5.7667
4.04088
3.21113
4.22148
4.61154
6.62837
5.04797
5.68309
3.82139
2.73161
3.93161
4.85742
5.41974
2.11539
2.56618
4.82712
3.10208
2.70227
2.92256
2.8024
4.25333
4.55555
5.32076
3.06569
2.22843
3.91704
3.64706
3.52372
4.24463
5.80423
4.5113
-2.42204
1.84463
1.84463
2.97479
11.2518
3.0461
2.84292
1.77626
-2.28724
3.17796
4.5113
4.5113
4.62558
5.75574
4.42241
6.02241
4.68908
---------------------------------
18.9147
17.979
17.7818
16.922
16.4958
16.1413
15.6804
14.706
15.6742
15.5424
14.4606
14.3018
14.4121
14.0314
13.7449
12.9376
11.9108
11.8243
12.847
11.4639
10.7633
11.8227
11.7062
11.3658
11.7672
12.7585
11.7096
12.0966
11.8927
10.9781
10.6012
10.0206
9.99715
10.6491
9.29649
9.7367
10.4132
10.0834
10.3276
10.8578
11.3056
11.044
10.345
9.53655
8.0788
7.49063
7.586
6.76374
7.59473
9.01423
8.65593
8.41174
8.20778
8.90189
8.48156
10.7753
8.91891
7.97987
9.96914
9.82013
9.58309
9.13744
8.31744
8.19623
8.44492
7.23539
7.11658
7.75785
8.09774
6.9241
7.42052
7.28086
7.35323
7.04557
7.00225
8.59446
7.88898
7.42792
7.57184
6.90566
7.01975
7.40456
7.26663
6.97053
6.22845
5.78241
5.75794
5.26532
5.33237
6.31167
6.21784
5.82721
6.35389
6.87214
6.14155
5.34722
6.23931
5.59189
5.54959
5.4118
5.91428
6.52866
5.67728
6.4338
5.42217
5.28372
5.37571
5.84309
6.26937
7.16565
6.76226
7.20558
7.41866
8.10382
8.54799
6.50695
6.84
7.47386
7.69549
6.59931
7.38071
7.9067
9.16089
8.38245
8.5462
7.99103
8.21224
8.4134
7.8466
6.39438
7.11332
7.93517
7.87991
8.55237
7.92864
6.38871
6.85693
7.2179
6.43436
5.16753
6.04449
5.15863
7.13653
6.56489
6.82288
6.7117
7.46996
6.54741
5.88699
6.22009
8.00015
7.39014
6.9476
8.38172
7.57769
7.4447
7.59221
8.50965
8.96833
8.07005
8.07501
7.21746
6.80989
6.70195
7.18596
6.30345
5.7385
5.46369
5.13474
6.06567
6.29344
5.84153
5.57287
5.78708
5.95248
5.80019
5.07735
5.08948
5.83786
6.92203
6.5275
5.94119
6.32153
5.29163
6.00246
6.13043
6.99362
8.23682
6.82442
7.83463
7.58463
6.5192
8.05791
7.22733
6.8351
6.68768
5.84587
6.85454
6.72454
6.05488
5.80145
6.15836
5.24597
6.88473
6.82734
6.77536
7.37457
6.95259
6.66014
6.25687
6.81102
6.34704
5.10011
7.14304
6.82213
6.56296
6.33112
5.88947
4.85997
6.0345
5.04258
5.43919
4.70562
5.08212
5.88948
5.3254
5.35252
4.83782
4.19697
4.82525
5.13129
5.10179
5.078
4.46726
5.34909
6.36683
6.80882
7.47297
7.08955
6.4359
6.99859
6.53909
7.21885
7.05125
8.0765
8.25612
6.98622
6.99475
7.28398
7.46501
7.21874
7.05784
6.13654
5.76505
6.39206
7.50132
7.1483
6.47941
6.04434
5.88034
5.29356
5.61765
5.13743
5.94856
5.41528
5.72239
6.30329
5.04967
6.26452
5.2211
5.3018
7.20907
6.03146
7.07854
6.10246
6.01379
5.7607
5.31909
6.65803
6.38939
6.5173
5.82035
6.51243
5.0464
5.9482
6.40985
5.64547
5.86771
6.68951
6.61208
6.55103
6.30218
6.92683
6.95651
6.34422
5.91418
6.27862
6.65998
6.75108
6.83222
5.95924
7.09896
7.20428
6.80251
5.86654
5.30775
6.30115
7.32989
6.32609
6.69745
7.01225
6.86872
6.62589
7.49231
6.33995
7.19192
7.551
7.89894
7.64732
6.50412
6.73433
4.41084
4.92886
6.4459
6.30858
5.68464
5.3454
4.65373
4.85707
4.55514
4.15267
3.84883
4.59621
4.42552
4.47396
5.31169
6.53663
5.62298
5.72609
5.80276
6.27922
6.0377
5.89032
4.39799
4.948
4.2906
4.33663
5.67942
5.78259
4.75728
5.50825
5.15975
5.72639
5.41123
5.12646
4.63112
4.74015
5.41603
6.06358
6.66525
5.77259
5.4399
5.82915
5.44704
4.85286
4.74796
4.77805
4.98868
4.57412
4.28117
5.03402
4.50083
4.89551
5.09044
4.4545
5.09385
5.13711
5.01825
4.43333
4.28265
4.17016
4.10765
3.86198
4.3163
4.10802
4.84765
4.95469
5.48049
5.62693
5.0493
5.27977
4.99201
5.18119
6.07377
6.1147
6.0587
7.64747
6.4286
6.91191
6.16032
6.16287
7.18901
5.40967
6.05264
6.54442
5.08275
5.9155
5.95391
5.49203
6.44839
5.66509
7.25128
6.53835
6.52858
5.02739
4.26897
5.41676
5.11803
4.54295
4.79671
5.43281
5.01707
5.71031
6.30546
6.35418
5.49924
6.48201
6.18611
5.41562
5.95787
5.63413
5.61852
3.70693
4.99268
5.21296
4.67333
5.1404
4.94684
5.36541
6.0528
4.86182
4.65748
4.69943
5.58828
5.22471
4.91073
4.61696
5.29248
4.20813
4.59178
3.63584
3.12393
3.38314
3.84491
4.25616
4.92263
3.6807
4.93808
5.36614
6.69202
6.2691
7.06602
6.17906
6.05647
6.32882
5.66675
5.28684
4.98985
4.91323
5.68367
5.63556
4.22694
5.27139
4.11235
5.32527
5.58246
5.06917
4.42235
3.88368
4.14999
5.26063
3.76707
4.51403
4.81817
5.39765
5.10368
4.4108
6.17884
7.17977
7.07526
5.4436
5.66445
5.6758
5.52073
5.9439
5.4007
4.23369
5.72769
6.24591
4.46442
5.2952
5.82919
4.81266
4.55655
5.53636
4.52512
5.96957
5.47663
6.09481
5.63499
4.7269
4.2284
2.91844
2.72934
3.12741
4.30941
5.89545
6.80265
6.3323
6.88551
5.72246
4.15276
4.7716
5.88981
6.04604
4.59371
6.0432
5.63806
5.10116
5.13455
3.45934
4.2489
4.65713
4.29507
3.95219
4.79373
4.15446
4.50986
3.67969
3.995
3.03644
3.99041
5.48105
5.43661
5.64993
4.01671
3.46815
4.0453
2.95648
2.76525
3.05199
3.84409
3.8299
2.5947
2.78794
4.12527
4.55928
4.32277
3.09535
1.89664
4.25722
5.50929
5.31022
5.92433
5.78287
5.44172
4.85087
5.05218
7.0546
5.93379
3.93814
4.50171
4.36015
5.68122
6.18893
4.22807
4.46875
2.2455
3.58664
4.1446
3.75704
3.77018
4.97913
5.30403
4.28027
4.01956
4.83433
5.69138
5.92235
6.09022
4.3948
3.96821
4.91807
3.71982
4.97775
5.64123
3.81514
3.65126
4.90752
5.33918
6.13996
5.85416
5.55659
5.38361
4.53656
3.30575
3.69948
4.61525
4.10851
3.55604
3.69411
4.22549
4.08283
4.20187
4.65222
4.04931
3.95662
3.54429
2.42254
2.63385
2.82515
3.91587
5.50077
6.9364
5.6919
5.93756
6.01099
5.6701
4.50888
5.14334
4.77391
5.79523
5.50301
3.76261
4.39574
4.01233
3.67992
2.26954
3.7984
4.21413
4.31899
4.02722
3.45576
3.72123
3.56762
3.66897
4.43657
3.86497
4.95875
3.30165
4.98569
5.00373
5.48499
5.13292
3.53439
4.4881
3.00374
3.46994
2.8788
4.53976
4.93607
3.85626
4.79129
3.83714
4.8261
4.96768
6.22821
5.46395
5.10164
5.52374
5.35624
5.45467
6.4964
5.64933
5.44795
3.9972
5.798
5.51925
5.5913
6.60521
7.00072
6.20234
6.28719
4.40603
5.43921
6.12407
6.00151
4.54497
5.5556
6.21351
5.07084
5.08535
6.3069
5.68007
5.35602
4.87014
5.03279
5.51428
4.77193
4.81002
4.60941
4.65332
4.84412
3.55483
4.5545
5.18629
4.29337
5.91888
4.8842
4.19568
5.1546
4.39063
5.30697
5.16437
3.31992
4.87013
3.82971
4.81757
4.92684
7.38722
3.23872
3.97738
4.67692
6.48066
7.48431
9.01255
7.50011
7.55502
5.99893
5.76257
4.97666
5.05405
4.94099
4.35694
2.79666
2.91759
3.98924
3.18512
2.07291
3.1449
3.16971
1.47506
0.67733
2.2628
4.12877
2.76247
3.52389
3.17643
3.13209
3.2104
3.46331
2.77734
2.99276
5.32513
3.92317
1.70112
2.98974
2.17902
2.6386
2.59983
3.25933
3.16314
4.5262
5.19917
5.02962
4.07005
4.83342
4.66372
3.24308
4.3961
4.58171
5.31218
4.59472
4.69685
4.05856
3.01923
3.24296
3.26744
2.68725
2.75032
4.11723
6.37656
9.16702
7.46016
7.98315
6.20212
7.75835
7.05376
8.65865
8.29092
7.69628
7.67169
8.35285
8.78162
7.45369
7.16393
6.11062
5.44274
5.47985
5.44423
6.02337
7.45642
8.71544
8.06477
8.29153
7.53338
7.12905
6.57462
7.08048
9.48216
8.23049
7.35486
7.10263
8.77271
8.29144
8.63032
7.86857
5.9995
7.18743
6.64443
8.28652
9.4865
9.32878
8.14399
6.21793
6.51434
4.64175
3.9257
5.02877
4.93704
5.137
5.37546
3.79317
3.25901
4.00639
4.68148
3.23059
2.06505
4.08798
4.5283
7.59193
5.4787
4.72187
4.88446
7.61602
6.35895
6.92876
5.93393
5.5824
4.89281
4.3973
5.72131
3.87026
4.3123
6.14598
6.56453
4.29251
5.23409
3.44472
4.58221
4.71133
3.96463
4.15
3.37584
4.5967
3.59677
3.76679
4.03154
2.89418
2.7289
2.67061
3.08799
3.40447
3.85738
3.12528
2.74637
4.53646
6.3691
5.387
6.43522
6.61702
5.84673
4.46081
5.6989
4.20267
3.53086
4.45815
3.75862
4.91862
4.70595
3.656
5.35486
4.62461
4.81879
6.10791
3.68404
5.92366
5.17152
5.35095
4.03308
3.94342
4.88529
3.17695
2.99635
4.71774
4.98534
7.06658
5.90162
6.1825
6.27075
5.97497
6.30336
6.86427
8.00585
7.19917
5.39825
6.9147
5.38705
3.67677
5.71727
5.74052
5.93934
6.0134
4.80324
0.926483
2.61
5.34362
5.77891
5.23878
4.92536
0.945511
3.59495
6.03287
6.03545
5.46167
5.23023
-0.24258
1.92868
4.9989
4.00837
-0.709705
3.77972
3.99605
4.22227
4.3262
3.55511
2.57444
2.54406
4.20506
3.63544
3.67158
6.40953
4.06844
1.78027
0.506968
2.19162
2.34432
2.14777
1.60999
-0.202178
-0.48456
2.34937
0.292158
4.19673
1.92023
1.89332
2.3767
4.64137
3.97524
2.51905
1.97344
1.54864
2.48352
-1.01057
-0.551541
0.555099
4.48017
5.34137
6.04351
3.49732
4.16452
6.44134
5.765
6.63595
6.68324
5.83774
2.25367
3.76568
6.80242
8.24868
7.46335
6.9307
6.3786
6.50942
6.15161
6.76453
5.8985
6.38702
5.29433
4.66372
0.216116
5.28906
6.8749
6.20637
3.08445
3.29891
3.22951
5.39791
4.95432
2.99525
4.98605
4.61001
1.6836
1.39495
1.70721
4.52575
5.4497
5.7262
6.44535
6.08006
6.54276
6.58927
4.12154
2.24237
2.39312
4.81043
5.41733
5.94064
4.94901
1.33493
3.76844
3.62081
5.59372
5.22843
3.98691
3.22141
4.41567
3.75634
4.9806
2.54506
1.00808
3.50519
8.09966
6.3602
5.98552
5.69979
3.30609
7.11291
2.95934
1.91291
0.735203
2.35135
1.44226
1.73815
1.59892
1.11838
1.09859
1.77082
4.47804
4.6793
2.63246
0.765949
2.54539
3.72557
4.15957
1.50239
2.14297
1.58806
1.72739
3.16419
2.86408
3.39409
5.76081
3.76675
3.08417
4.20905
9.24807
5.14972
1.64726
-1.71232
-3.0054
1.07785
4.78759
5.83652
4.73466
2.22263
0.332142
2.0433
1.56723
2.6246
3.48289
1.97787
3.28596
0.948891
5.3441
3.88911
5.73153
5.20455
4.62946
2.3359
2.62146
0.0606962
2.07386
4.73641
4.46886
2.1642
3.77924
4.8662
2.87362
3.64678
4.4621
1.54354
2.68315
3.48634
0.992669
3.11723
2.91235
2.53998
5.8306
2.70506
2.19424
1.98267
5.34559
4.81399
8.81832
9.74876
9.38755
8.92037
9.48088
9.25673
8.73261
7.32371
3.57213
4.44486
8.8135
7.94946
7.94004
7.08501
2.72064
4.56234
7.1315
2.53314
4.12019
6.67992
4.72259
0.414601
3.84205
3.64122
3.32677
2.79652
0.348034
1.15673
4.67961
4.67415
7.88473
7.0298
3.83546
3.6038
2.01923
5.16934
5.67721
5.08366
4.2456
6.63098
6.29802
5.16172
0.247063
2.19602
6.87585
7.72823
6.68177
6.66652
4.81912
4.60489
4.58216
2.69223
-2.76716
3.31848
6.58494
6.5888
6.19745
5.97903
5.04206
4.84013
5.9322
4.74842
0.726654
3.54966
3.80204
5.07937
7.01224
2.97506
3.94921
3.71111
3.0941
2.40544
2.11587
0.607483
4.12449
2.64694
2.37563
1.56135
7.77619
7.91224
7.87619
4.14434
-0.0434137
4.12143
2.8381
1.77143
---------------------------------
