2
4
6.5
8
10
16
16
16
16
16
16
26
32
32
32
32
32
32
32
32
36
36
36
48
48
48
60
64
64
64
64
64
64
64
64
64
64
64
64
88
88
96
120
120
120
120
120
120
120
120
120
120
120
120
120
128
128
128
128
128
128
128
128
128
128
128
128
128
128
128
128
128
128
128
128
128
128
128
128
144
144
144
144
144
144
144
144
144
144
144
144
144
144
144
144
192
192
208
208
208
208
208
208
208
208
208
256
256
256
256
256
256
256
256
256
256
256
256
256
256
256
256
256
256
256
256
256
256
256
256
256
256
256
256
256
256
256
256
256
256
256
256
256
256
256
256
256
256
256
256
256
256
256
256
256
256
256
256
256
256
256
256
256
288
288
288
288
288
288
288
288
288
288
384
384
384
384
384
384
384
384
384
384
384
384
384
384
416
416
416
416
416
416
416
416
416
416
416
416
416
416
416
416
512
512
512
512
512
512
512
512
512
512
512
512
512
512
512
512
512
512
512
512
512
512
512
512
512
512
512
512
512
512
512
512
512
512
512
512
512
512
512
512
512
512
512
512
512
512
512
512
512
512
512
512
512
512
512
512
512
512
512
512
512
512
512
512
512
512
512
576
576
576
576
576
576
576
576
576
576
576
576
576
576
576
576
576
576
576
576
576
576
576
576
576
576
576
576
576
576
576
576
576
576
576
576
576
576
576
576
576
576
576
576
576
576
576
576
576
576
576
576
960
960
960
960
960
1024
1024
1024
1024
1024
1024
1024
1024
1024
1024
1024
1024
1024
1024
1024
1024
1024
1024
1024
1024
1024
1024
1024
1024
1024
1024
1024
1024
1024
1024
1024
1024
1024
1024
1024
1024
1024
1024
1024
1024
1024
1024
1024
1024
1024
1024
1024
1024
1024
1024
1024
1024
1024
1024
1024
1024
1024
1024
1024
1024
1024
1024
1024
1024
1024
1024
1024
1024
1024
1024
1024
1024
1024
1024
1024
1024
1024
1024
1024
1024
1024
1024
1024
1024
1024
1024
1024
1024
1024
1024
1024
1024
1024
1024
1024
1024
1024
1024
1024
1024
1024
1024
1024
1024
1024
1024
1024
1024
1024
1024
1024
1024
1024
1024
1024
1024
1024
1024
1024
1024
1024
1024
1024
1024
1024
1024
1024
1024
1024
1024
1024
1024
1024
1024
1024
1024
1024
1024
1024
1024
1024
1024
1024
1024
1024
1024
1024
1024
1024
1024
1024
1024
1024
1024
1024
1024
1024
1024
1024
1024
1024
1024
1024
1024
1024
1024
1024
1024
1024
1024
1024
1024
1024
1024
1024
1024
1024
1024
1024
1024
1024
1024
1024
1024
1024
1024
1024
1024
1024
1024
1024
1024
1024
1024
1024
1024
1024
1024
---------------------------------
2.9727
3.69727
4.30769
4.59553
5.55831
6.97767
7.76179
8.22829
8.63524
8.95285
9.8263
11.0174
12.3077
13.34
14.0546
15.1464
15.9206
16.6948
17.33
17.9851
18.0844
18.7395
20.0099
22.3127
25.33
28.5856
30.531
31.8015
32.6749
33.3102
33.6278
33.866
34.263
34.66
34.8983
35.1365
36.0893
36.2878
37.2407
37.5583
38.2333
40.8536
43.4739
46.7295
48.6352
50.5806
53.4392
54.4715
58.7593
60.7444
62.2531
64.8734
66.5409
66.7792
67.6526
67.6526
68.2084
68.2084
68.2084
68.2084
68.2878
68.7643
69.0819
69.3201
69.5583
70.67
70.67
70.67
70.67
70.9876
70.9876
71.1464
71.3052
71.7816
72.2581
72.5757
76.5459
79.4045
80.3573
81.7866
83.6923
85.2804
87.3449
91.9504
95.1266
95.1266
98.1439
100.208
102.749
104.179
107.037
109.737
110.055
112.596
116.725
121.648
126.094
129.906
131.017
131.335
132.288
134.035
134.035
134.194
137.211
137.529
137.846
137.846
137.846
137.846
137.846
138.164
138.164
138.481
138.481
138.958
139.117
141.34
141.34
141.34
141.34
141.34
141.34
141.34
141.34
141.34
141.34
141.34
141.34
141.34
141.34
141.34
141.34
141.34
141.34
141.34
141.34
141.34
141.34
142.61
142.61
143.246
143.881
143.881
144.199
148.01
149.598
151.186
154.998
154.998
154.998
156.903
158.809
160.079
160.715
161.032
161.35
166.749
168.337
172.784
172.784
174.69
178.501
179.772
180.089
181.677
188.347
191.206
195.335
197.876
203.593
207.404
208.993
211.851
214.074
219.156
219.792
222.65
225.191
225.191
225.191
227.414
228.05
230.273
230.273
230.273
230.908
233.767
239.166
245.201
248.06
251.871
262.035
263.623
273.151
273.787
274.422
275.057
275.692
275.692
275.692
276.328
276.328
276.328
276.963
277.598
278.868
278.868
278.868
280.139
280.139
280.139
280.139
280.139
281.409
281.409
281.409
281.409
281.409
281.409
282.045
282.045
282.045
282.045
282.045
282.045
282.045
282.045
282.045
282.045
282.045
282.045
282.045
282.045
282.045
282.045
282.68
282.68
282.68
282.68
282.68
282.68
282.68
282.68
282.68
282.68
282.68
282.68
282.68
282.68
282.68
282.68
282.68
282.68
282.68
282.68
282.68
282.68
282.68
282.68
282.68
282.68
282.68
282.68
282.68
282.68
283.95
283.95
283.95
283.95
285.221
285.221
285.221
285.221
285.221
288.397
288.397
290.938
290.938
290.938
290.938
290.938
292.208
292.208
292.208
292.208
297.29
300.467
303.007
303.007
304.913
308.089
308.089
308.089
308.089
308.089
308.089
309.36
312.536
325.241
347.474
352.556
354.462
361.449
372.248
401.469
416.079
416.079
418.62
418.62
418.62
418.62
418.62
418.62
418.62
419.256
419.256
419.256
423.067
424.337
424.337
424.337
424.337
424.337
424.337
424.337
425.608
428.784
438.313
441.489
445.935
461.816
462.452
471.98
479.603
498.025
505.012
506.283
507.553
507.553
507.553
508.824
513.27
515.811
520.893
524.069
524.069
524.069
525.34
525.34
525.34
525.34
525.34
525.34
525.34
525.34
525.975
527.246
532.328
534.233
541.221
541.221
541.221
541.221
548.208
551.385
551.385
552.02
553.29
553.29
553.29
554.561
554.561
554.561
554.561
554.561
554.561
554.561
554.561
555.196
556.467
558.372
558.372
558.372
558.372
558.372
558.372
558.372
558.372
559.007
559.007
560.278
560.278
560.278
560.278
559.124
559.124
560.398
559.242
559.242
559.242
559.242
559.242
559.242
559.242
559.242
559.242
559.242
559.242
559.242
559.242
559.242
558.08
558.08
558.08
558.08
558.08
558.08
558.08
558.08
558.08
558.08
558.08
558.08
558.08
558.08
558.08
558.08
558.08
558.08
558.08
558.08
558.08
558.08
558.08
558.08
558.08
558.08
558.08
558.08
558.08
559.36
559.479
559.479
559.479
559.479
558.312
558.312
558.312
558.312
558.312
558.312
558.312
558.312
558.312
558.312
557.139
557.139
557.139
557.139
557.139
557.139
557.139
557.139
557.139
557.139
557.139
557.139
557.139
557.139
557.139
557.139
557.139
557.139
557.139
557.139
557.139
554.775
554.775
554.775
554.775
554.775
554.775
554.775
554.775
554.775
554.775
554.775
554.775
554.775
554.775
556.071
552.49
552.49
552.49
552.49
552.49
552.49
551.284
551.284
551.284
551.284
551.284
551.284
551.284
550.072
550.072
550.072
550.072
550.072
550.072
550.072
550.072
550.072
550.072
550.072
550.072
550.072
550.072
550.072
550.072
550.072
550.072
550.072
550.072
550.072
550.072
550.072
550.072
551.385
560.574
560.574
560.574
560.574
559.383
559.383
559.383
559.383
558.186
558.186
558.186
558.186
559.505
559.505
558.305
558.305
558.305
558.305
558.305
558.305
558.305
558.305
558.305
562.274
562.274
572.858
575.504
575.504
575.504
575.504
575.504
575.504
575.504
575.504
575.504
575.504
575.504
575.504
575.504
576.827
576.827
576.827
576.827
573.333
573.333
573.333
573.333
573.333
573.333
572.157
572.157
572.157
572.157
572.157
580.178
606.914
608.251
637.661
704.501
704.501
704.501
713.859
730.274
730.274
730.274
730.274
730.274
730.274
728.72
728.72
736.847
738.201
740.91
740.91
742.265
744.974
763.937
763.937
763.937
763.937
763.937
763.937
763.937
763.937
763.937
763.937
763.937
763.937
763.937
763.937
763.247
763.247
764.605
764.605
772.753
778.24
783.701
783.701
783.701
783.701
783.701
783.701
783.701
783.701
783.701
783.701
783.701
783.701
783.701
783.701
783.701
783.701
783.701
783.701
783.701
783.701
786.432
786.432
785.797
787.166
798.118
833.711
836.449
848.77
863.829
863.829
863.829
863.829
863.829
863.829
863.829
863.829
863.829
863.829
874.781
874.781
874.781
873.574
873.574
873.574
873.574
873.574
873.168
873.168
873.168
873.168
873.168
873.168
873.168
873.168
882.854
890.797
922.71
922.71
922.158
922.158
927.738
941.689
941.689
941.689
941.689
943.084
945.875
976.567
976.567
976.567
976.567
976.567
976.567
976.567
976.567
976.567
976.567
976.567
976.567
976.567
976.567
976.567
976.567
976.567
976.437
980.634
1000.22
1000.22
1000.22
1000.15
1000.15
1001.56
1001.56
1001.56
1001.56
1001.56
1001.56
1001.56
1002.96
1014.18
1014.18
1014.18
1014.18
1014.18
1014.18
1015.58
1015.58
1015.58
1015.58
1015.58
1015.58
1015.58
1015.58
1015.58
1015.58
1015.56
1015.56
1015.56
1015.56
1015.56
1015.56
1015.56
1015.56
1015.56
1015.56
1015.56
1015.56
1015.56
1015.56
1015.56
1015.56
1015.56
1015.56
1015.56
1015.56
1015.56
1015.56
1015.56
1015.56
1015.56
1015.56
1015.56
1015.56
1015.56
1015.56
1015.56
1015.56
1015.56
1015.56
1015.56
1015.56
1015.56
1015.56
1015.56
1015.56
1015.56
1018.37
1018.31
1018.1
1018.1
1018.1
1018.1
1018.1
1018.1
1018.1
1018.1
1018.1
1018.1
1018.1
1018.1
1018.1
1018.1
1018.1
1018.1
1018.1
1018.1
1018.1
1018.1
1018.1
1018.1
1018.1
1018.1
1018.1
1018.1
1018.1
1018.1
1018.1
1018.1
1018.1
1018.1
1018.1
1018.1
1018.1
1018.1
1018.1
1018.1
1018.1
1018.1
1018.1
1018.1
1021.05
1024
1024
1024
1024
1024
1024
1024
1024
1024
1024
1024
1024
1024
1024
1024
1024
1024
1024
1024
1024
1024
1024
1024
1024
1024
1024
1024
1024
1024
1024
1024
1024
1024
1024
1024
1024
1024
1024
1024
1024
1024
1024
1024
1024
1024
1024
1024
1024
1024
1024
1024
1024
1024
1024
1024
1024
1024
1024
1024
1024
1024
1024
1024
1024
1024
1024
1024
1024
1024
1024
1024
1024
1024
1024
1024
1024
1024
1024
1024
1024
1024
1024
1024
1024
1024
1024
1024
1024
1024
1024
1024
1024
1024
1024
1024
1024
1024
1024
1024
1024
1024
1024
1024
1024
1024
1024
1024
1024
1024
1024
1024
1024
1024
1024
1024
1024
1024
1024
1024
1024
1024
1024
1024
1024
1024
1024
1024
1024
1024
1024
1024
1024
1024
1024
1024
1024
1024
1024
1024
1024
1024
1024
1024
1024
1024
1024
1024
1024
1024
1024
1024
1024
1024
1024
1024
1024
1024
1024
1024
1024
1024
1024
1024
1024
1024
1024
1024
1024
1024
1024
1024
1024
1024
1024
1024
1024
1024
1024
1024
1024
1024
1024
1024
1024
1024
1024
1024
1024
1024
1024
1024
1024
1024
1024
1024
1024
1024
1024
1024
1024
1024
1024
1024
1024
1024
1024
1024
1024
1024
1024
1024
1024
1024
1024
1024
1024
1024
1024
1024
1024
1024
1024
1024
1024
1024
1024
1024
1024
1024
1024
1024
1024
1024
1024
1024
1024
1024
1024
1024
1024
1024
1024
1024
1024
1024
1024
1024
1024
1024
1024
1024
1024
1024
1024
1024
1024
1024
1024
1024
1024
1024
1024
1024
1024
1024
1024
1024
1024
1024
1024
1024
1024
1024
1024
1024
1024
1024
1024
1024
1024
1024
1024
1024
1024
1024
1024
1024
1024
1024
1024
1024
1024
1024
1024
1024
1024
1024
1024
1024
1024
1024
1024
1024
1024
1024
1024
1024
1024
1024
1024
1024
1024
1024
1024
1024
1024
1024
1024
1024
1024
1024
1024
1024
1024
1024
1024
1024
1024
1024
1024
1024
1024
1024
1024
1024
1024
1024
1024
1024
1024
1024
1024
1024
1024
1024
1024
1024
1024
1024
1024
1024
1024
1024
1024
1024
1024
1024
1024
1024
1024
1024
1024
1024
1024
1024
1024
1024
1024
1024
1024
1024
1024
1024
1024
1024
1024
1024
1024
1024
1024
1024
1024
1024
1024
1024
1024
1024
1024
1024
1024
1024
1024
1024
1024
1024
1024
1024
1024
1024
1024
1024
1024
1024
1024
1024
1024
1024
1024
1024
1024
1024
1024
1024
1024
1024
1024
1024
1024
1024
1024
1024
1024
1024
1024
1024
1024
1024
1024
1024
1024
1024
1024
1024
1024
1024
1024
1024
1024
1024
1024
1024
1024
1024
1024
1024
1024
1024
1024
1024
1024
1024
1024
1024
1024
1024
1024
1024
1024
1024
1024
1024
1024
1024
1024
1024
1024
1024
1024
1024
1024
1024
1024
1024
1024
1024
1024
1024
1024
1024
1024
1024
1024
1024
1024
1024
1024
1024
1024
1024
1024
1024
1024
1024
1024
1024
1024
1024
1024
1024
1024
1024
1024
1024
1024
1024
1024
1024
1024
1024
1024
1024
1024
1024
1024
1024
1024
1024
1024
1024
1024
1024
1024
1024
1024
1024
1024
1024
1024
1024
1024
1024
1024
1024
1024
1024
1024
1024
1024
1024
1024
1024
1024
1024
1024
1024
1024
1024
1024
1024
1024
1024
1024
1024
1024
1024
1024
1024
1024
1024
1024
1024
1024
1024
1024
1024
1024
1024
1024
1024
1024
1024
1024
1024
1024
1024
1024
1024
1024
1024
1024
1024
1024
1024
1024
1024
1024
1024
1024
1024
1024
1024
1024
1024
1024
1024
1024
1024
1024
1024
1024
1024
1024
1024
1024
1024
1024
1024
1024
1024
1024
1024
1024
1024
1024
1024
1024
1024
1024
1024
1024
1024
1024
1024
1024
1024
1024
1024
1024
1024
1024
1024
1024
1024
1024
1024
1024
1024
1024
1024
1024
1024
1024
1024
1024
1024
1024
1024
1024
1024
1024
1024
1024
1024
1024
1024
1024
1024
1024
1024
1024
1024
1024
1024
1024
1024
1024
1024
1024
1024
1024
1024
1024
1024
1024
1024
1024
1024
1024
1024
1024
1024
1024
1024
1024
1024
1024
1024
1024
1024
1024
1024
1024
1024
1024
1024
1024
1024
1024
1024
1024
1024
1024
1024
1024
1024
1024
1024
1024
1024
1024
1024
1024
1024
1024
1024
1024
1024
1024
1024
1024
1024
1024
1024
1024
1024
1024
1024
1024
1024
1024
1024
1024
1024
1024
1024
1024
1024
1024
1024
1024
1024
1024
1024
1024
1024
1024
1024
1024
1024
1024
1024
1024
1024
1024
1024
1024
1024
1024
1024
1024
1024
1024
1024
1024
1024
1024
1024
1024
1024
1024
1024
1024
1024
1024
1024
1024
1024
1024
1024
1024
1024
1024
1024
1024
1024
1024
1024
1024
1024
1024
1024
1024
1024
1024
1024
1024
1024
1024
1024
1024
1024
1024
1024
1024
1024
1024
1024
1024
1024
1024
1024
1024
1024
1024
1024
---------------------------------
3.04854
3.71521
4.34951
4.94498
5.51456
6.87379
8.02589
8.53074
8.90615
9.21683
9.76052
11.7023
13.0485
14.343
15.1456
16.0777
16.8285
17.4239
17.9935
18.6149
20.479
21.3074
22.9385
25.0097
26.5631
28.4272
29.7735
31.0162
32.9838
34.0712
34.0712
34.123
34.6408
35.3657
35.4693
35.4693
35.5728
36.1942
38.1618
38.7314
39.2492
40.4919
42.1489
43.4951
45.1521
46.4984
50.2265
51.7799
53.4369
54.8867
57.9935
58.822
60.5825
62.0324
64.8285
65.4498
66.7961
66.8997
67.1068
67.8317
68.5566
69.9029
69.9029
69.9029
69.9029
69.9029
69.9029
69.9029
70.11
70.3172
70.3172
70.3172
70.5243
70.9385
72.8026
74.8738
75.4951
76.5307
81.9159
83.5728
84.1942
85.0227
85.8511
86.7832
89.2686
99.8317
101.489
103.56
104.595
105.424
106.46
107.081
111.016
113.294
115.987
116.401
117.644
121.579
125.1
131.521
132.35
133.385
136.078
136.492
136.699
136.906
136.906
136.906
136.906
136.906
137.32
137.32
137.735
138.356
139.599
140.013
141.256
141.67
141.67
141.67
141.67
142.084
142.084
142.084
142.084
142.084
142.084
142.084
142.084
142.498
142.498
142.498
142.498
142.498
142.498
142.498
142.498
142.498
142.498
142.498
144.984
144.984
144.984
144.984
145.398
146.641
146.641
147.469
147.883
148.298
148.712
149.54
151.612
156.997
156.997
161.139
161.968
161.968
162.796
163.21
165.696
170.667
170.667
171.495
172.738
173.981
176.052
176.88
179.366
183.094
183.922
186.408
192.621
195.935
198.006
206.291
206.291
208.777
217.061
217.89
218.718
219.547
223.275
228.66
230.731
234.46
251.029
251.858
253.515
258.071
260.971
261.385
261.385
266.77
271.741
271.741
273.398
273.398
273.398
275.055
276.298
276.298
276.298
276.298
276.298
276.298
276.298
276.298
276.298
278.783
278.783
278.783
278.783
278.783
280.44
280.44
280.44
280.44
280.44
281.269
284.168
284.168
284.168
284.168
284.168
284.168
284.168
284.168
284.168
284.168
284.168
284.168
284.168
284.168
284.168
284.168
284.168
284.168
284.168
284.168
284.168
284.168
284.168
284.168
284.168
284.168
284.997
284.997
284.997
284.997
284.997
284.997
284.997
284.997
284.997
284.997
284.997
284.997
285.825
285.825
285.825
285.825
285.825
285.825
285.825
285.825
285.825
285.825
285.825
285.825
285.825
285.825
287.482
287.482
287.482
287.482
287.482
287.482
287.482
287.482
287.482
287.482
288.311
295.767
295.767
299.081
299.081
299.081
300.738
300.738
304.052
304.052
304.052
304.052
304.052
304.052
304.88
308.194
315.65
320.621
333.877
340.505
347.961
352.932
371.159
375.301
382.757
388.557
390.214
406.783
408.44
409.269
410.097
417.553
417.553
419.21
419.21
419.21
419.21
425.01
425.01
425.01
425.838
435.78
435.78
435.78
435.78
435.78
441.579
441.579
445.722
447.379
458.977
460.634
463.12
467.262
470.576
477.204
492.945
492.945
495.43
495.43
495.43
499.573
504.544
504.544
506.201
507.858
512.828
516.142
516.142
516.142
516.142
516.142
517.799
528.57
528.57
528.57
528.57
528.57
528.57
528.57
528.57
531.055
536.026
557.566
557.566
557.566
557.566
557.566
557.566
557.566
560.052
569.994
569.994
569.994
569.994
569.994
569.994
569.994
569.994
569.994
569.994
569.994
569.994
569.994
569.994
569.994
569.994
569.994
569.994
569.994
569.994
569.994
569.994
569.994
569.994
569.994
569.994
569.994
569.994
569.994
569.994
569.994
569.994
569.994
569.994
569.994
569.994
569.994
569.994
569.994
569.994
569.994
569.994
569.994
569.994
569.994
569.994
569.994
569.994
569.994
569.994
569.994
569.994
569.994
569.994
569.994
569.994
569.994
569.994
569.994
569.994
569.994
569.994
569.994
569.994
569.994
569.994
569.994
569.994
569.994
569.994
569.994
569.994
567.036
567.036
567.036
567.036
567.036
567.036
567.036
567.036
567.036
567.036
567.036
567.036
568.704
568.704
568.704
568.704
568.704
568.704
568.704
568.704
568.704
568.704
568.704
568.704
568.704
568.704
568.704
568.704
568.704
568.704
568.704
568.704
568.704
568.704
568.704
568.704
568.704
568.704
568.704
568.704
568.704
568.704
565.718
565.718
565.718
565.718
565.718
565.718
565.718
565.718
565.718
565.718
565.718
565.718
565.718
565.718
565.718
565.718
565.718
565.718
565.718
565.718
565.718
565.718
565.718
565.718
565.718
565.718
565.718
565.718
565.718
565.718
565.718
565.718
564.211
564.211
564.211
564.211
564.211
562.693
567.762
572.832
572.832
572.832
571.338
571.338
571.338
571.338
571.338
571.338
571.338
571.338
571.338
571.338
571.338
571.338
571.338
571.338
571.338
571.338
571.338
571.338
571.338
571.338
571.338
568.32
566.796
573.645
573.645
572.134
572.134
579.007
629.226
629.226
629.226
629.226
634.397
644.741
644.741
644.741
644.741
644.741
646.465
645.189
645.189
645.189
645.189
645.189
645.189
645.189
643.905
643.905
643.905
643.905
643.905
643.905
643.905
643.905
643.905
656.054
690.766
718.536
754.983
779.281
806.313
806.313
806.313
806.313
806.313
806.313
806.313
806.313
806.313
806.313
811.537
811.537
809.347
809.347
808.607
808.607
808.607
808.607
808.607
807.862
807.862
807.862
805.594
805.594
805.594
805.594
805.594
805.594
807.385
821.706
868.252
868.252
868.252
868.252
868.252
868.252
868.252
871.832
877.203
877.203
877.203
877.203
877.203
877.203
877.203
877.203
877.203
877.203
877.203
877.203
876.169
876.169
876.169
876.169
876.169
876.169
876.169
879.775
886.986
886.986
890.592
890.592
890.592
890.592
894.197
897.803
897.803
897.357
897.357
897.357
897.357
897.357
897.357
897.357
897.357
899.166
908.212
935.35
935.35
935.35
935.35
935.35
935.35
935.35
935.35
935.35
935.35
935.35
935.35
935.35
935.35
935.035
935.035
935.035
935.035
935.035
935.035
938.667
938.667
938.667
938.667
938.667
938.667
940.482
969.532
969.532
976.626
976.626
976.626
976.626
976.626
976.626
976.626
976.626
976.626
976.626
976.626
976.626
976.626
976.626
976.626
976.626
976.626
976.457
976.457
976.457
976.457
976.457
976.457
976.457
975.593
975.593
975.593
975.593
975.593
975.416
975.416
977.285
981.022
1022.13
1022.13
1022.13
1022.13
1022.13
1022.13
1022.12
1022.12
1022.12
1022.12
1022.12
1022.12
1022.12
1022.12
1022.12
1022.12
1022.12
1022.12
1022.12
1022.12
1022.12
1022.12
1022.12
1022.12
1022.12
1022.12
1022.12
1022.12
1022.12
1022.12
1022.12
1022.12
1022.12
1022.12
1022.12
1022.12
1022.12
1022.12
1024
1024
1024
1024
1024
1024
1024
1024
1024
1024
1024
1024
1024
1024
1024
1024
1024
1024
1024
1024
1024
1024
1024
1024
1024
1024
1024
1024
1024
1024
1024
1024
1024
1024
1024
1024
1024
1024
1024
1024
1024
1024
1024
1024
1024
1024
1024
1024
1024
1024
1024
1024
1024
1024
1024
1024
1024
1024
1024
1024
1024
1024
1024
1024
1024
1024
1024
1024
1024
1024
1024
1024
1024
1024
1024
1024
1024
1024
1024
1024
1024
1024
1024
1024
1024
1024
1024
1024
1024
1024
1024
1024
1024
1024
1024
1024
1024
1024
1024
1024
1024
1024
1024
1024
1024
1024
1024
1024
1024
1024
1024
1024
1024
1024
1024
1024
1024
1024
1024
1024
1024
1024
1024
1024
1024
1024
1024
1024
1024
1024
1024
1024
1024
1024
1024
1024
1024
1024
1024
1024
1024
1024
1024
1024
1024
1024
1024
1024
1024
1024
1024
1024
1024
1024
1024
1024
1024
1024
1024
1024
1024
1024
1024
1024
1024
1024
1024
1024
1024
1024
1024
1024
1024
1024
1024
1024
1024
1024
1024
1024
1024
1024
1024
1024
1024
1024
1024
1024
1024
1024
1024
1024
1024
1024
1024
1024
1024
1024
1024
1024
1024
1024
1024
1024
1024
1024
1024
1024
1024
1024
1024
1024
1024
1024
1024
1024
1024
1024
1024
1024
1024
1024
1024
1024
1024
1024
1024
1024
1024
1024
1024
1024
1024
1024
1024
1024
1024
1024
1024
1024
1024
1024
1024
1024
1024
1024
1024
1024
1024
1024
1024
1024
1024
1024
1024
1024
1024
1024
1024
1024
1024
1024
1024
1024
1024
1024
1024
1024
1024
1024
1024
1024
1024
1024
1024
1024
1024
1024
1024
1024
1024
1024
1024
1024
1024
1024
1024
1024
1024
1024
1024
1024
1024
1024
1024
1024
1024
1024
1024
1024
1024
1024
1024
1024
1024
1024
1024
1024
1024
1024
1024
1024
1024
1024
1024
1024
1024
1024
1024
1024
1024
1024
1024
1024
1024
1024
1024
1024
1024
1024
1024
1024
1024
1024
1024
1024
1024
1024
1024
1024
1024
1024
1024
1024
1024
1024
1024
1024
1024
1024
1024
1024
1024
1024
1024
1024
1024
1024
1024
1024
1024
1024
1024
1024
1024
1024
1024
1024
1024
1024
1024
1024
1024
1024
1024
1024
1024
1024
1024
1024
1024
1024
1024
1024
1024
1024
1024
1024
1024
1024
1024
1024
1024
1024
1024
1024
1024
1024
1024
1024
1024
1024
1024
1024
1024
1024
1024
1024
1024
1024
1024
1024
1024
1024
1024
1024
1024
1024
1024
1024
1024
1024
1024
1024
1024
1024
1024
1024
1024
1024
1024
1024
1024
1024
1024
1024
1024
1024
1024
1024
1024
1024
1024
1024
1024
1024
1024
1024
1024
1024
1024
1024
1024
1024
1024
1024
1024
1024
1024
1024
1024
1024
1024
1024
1024
1024
1024
1024
1024
1024
1024
1024
1024
1024
1024
1024
1024
1024
1024
1024
1024
1024
1024
1024
1024
1024
1024
1024
1024
1024
1024
1024
1024
1024
1024
1024
1024
1024
1024
1024
1024
1024
1024
1024
1024
1024
1024
1024
1024
1024
1024
1024
1024
1024
1024
1024
1024
1024
1024
1024
1024
1024
1024
1024
1024
1024
1024
1024
1024
1024
1024
1024
1024
1024
1024
1024
1024
1024
1024
1024
1024
1024
1024
1024
1024
1024
1024
1024
1024
1024
1024
1024
1024
1024
1024
1024
1024
1024
1024
1024
1024
1024
1024
1024
1024
1024
1024
1024
1024
1024
1024
1024
1024
1024
1024
1024
1024
1024
1024
1024
1024
1024
1024
1024
1024
1024
1024
1024
---------------------------------
2.83688
3.63121
4.36879
4.78014
5.58865
7.65957
8.05674
8.58156
8.86525
9.19149
10.4965
11.4894
12.8794
14.2128
14.8652
15.8865
16.6241
17.1064
17.617
17.844
18.4965
20.1135
21.7021
23.3475
25.7872
29.1348
30.1844
31.3191
32.5674
33.1348
34.0993
34.4965
35.461
35.8014
35.8014
36.0284
36.1418
36.766
36.8794
38.0142
41.9858
42.8936
43.3475
46.9787
48.5674
50.4965
53.3333
55.0355
57.4184
59.461
60.2553
61.3901
63.5461
64
65.1348
65.8156
66.9504
67.1773
67.7447
68.3121
69.4468
69.4468
69.6738
70.3546
70.8085
70.8085
70.8085
70.8085
71.2624
71.7163
72.1702
72.1702
72.1702
72.1702
73.078
74.4397
74.8936
75.8014
76.7092
78.2979
79.4326
81.7021
86.922
87.8298
90.3262
91.234
92.3688
93.9574
97.1348
99.8582
102.582
103.489
107.348
107.801
108.482
109.617
115.064
118.014
121.191
128.681
131.858
134.582
135.035
136.624
139.574
139.574
139.574
140.709
141.39
141.39
141.39
141.39
141.39
141.39
141.39
141.39
141.617
141.844
142.298
142.298
142.298
142.298
142.525
142.525
142.525
142.525
143.206
143.206
143.206
143.433
144.34
144.34
144.34
144.34
144.34
144.34
144.34
144.34
144.34
144.34
144.34
147.064
147.064
147.064
147.064
147.064
147.064
147.064
147.064
147.064
147.064
147.064
150.695
150.695
151.603
151.603
151.603
154.78
161.589
162.496
163.404
164.312
165.22
165.22
165.22
165.22
167.035
179.745
179.745
184.284
193.362
199.716
200.17
207.433
212.426
214.695
217.872
218.78
218.78
218.78
218.78
218.78
218.78
221.504
224.681
231.489
232.851
239.66
248.738
258.27
265.078
265.532
269.617
270.071
270.525
273.248
273.248
274.156
275.064
275.064
275.064
275.064
275.064
275.064
276.879
276.879
276.879
276.879
276.879
276.879
276.879
276.879
276.879
276.879
276.879
277.787
277.787
277.787
278.241
279.149
279.149
279.149
279.149
280.057
280.057
280.057
280.057
280.057
280.057
280.057
280.511
281.418
281.418
281.418
281.418
281.418
281.418
283.234
283.234
283.234
283.234
283.234
283.234
283.234
283.234
283.234
283.234
283.234
283.234
283.234
283.234
283.234
283.234
283.234
283.234
283.234
283.234
283.234
283.234
283.234
283.234
283.234
283.234
283.234
283.234
283.234
283.234
283.234
283.234
283.234
283.234
283.234
283.234
283.234
283.234
284.142
284.142
284.142
284.142
289.589
289.589
291.404
291.404
296.851
296.851
296.851
302.298
302.298
302.298
304.113
304.113
304.113
304.113
310.468
327.716
327.716
328.624
337.702
337.702
346.78
354.043
374.014
374.922
382.184
396.709
406.695
430.298
446.638
448.454
451.177
452.993
459.348
459.348
459.348
459.348
459.348
459.348
459.348
459.348
461.163
463.887
463.887
463.887
463.887
467.518
469.333
469.333
475.688
486.582
501.106
502.922
506.553
507.461
510.184
510.184
512
512
512.908
516.539
518.355
527.433
527.433
528.34
528.34
528.34
528.34
528.34
528.34
528.34
528.34
530.156
530.156
531.064
531.064
531.972
531.972
539.234
543.773
548.312
549.22
551.943
555.574
555.574
555.574
556.482
558.298
558.298
558.298
558.298
558.298
558.298
558.298
558.298
556.641
562.107
563.929
566.662
566.662
566.662
566.662
566.662
566.662
566.662
566.662
566.662
566.662
566.662
566.662
568.484
568.484
568.484
568.484
568.484
568.484
568.484
568.484
568.484
568.484
568.484
573.95
572.343
572.343
572.343
572.343
572.343
572.343
572.343
572.343
572.343
572.343
572.343
572.343
572.343
572.343
572.343
572.343
572.343
572.343
572.343
572.343
572.343
572.343
572.343
572.343
572.343
572.343
572.343
572.343
572.343
572.343
572.343
572.343
572.343
572.343
572.343
572.343
572.343
572.343
572.343
572.343
572.343
572.343
572.343
572.343
572.343
572.343
572.343
572.343
572.343
572.343
572.343
572.343
572.343
572.343
572.343
572.343
574.171
574.171
574.171
574.171
574.171
574.171
574.171
574.171
574.171
574.171
574.171
574.171
574.171
574.171
574.171
574.171
574.171
574.171
574.171
574.171
574.171
574.171
574.171
574.171
574.171
574.171
574.171
574.171
574.171
574.171
574.171
574.171
574.171
574.171
574.171
574.171
574.171
574.171
574.171
574.171
574.171
574.171
574.171
574.171
574.171
574.171
574.171
574.171
574.171
574.171
574.171
574.171
574.171
574.171
574.171
574.171
574.171
574.171
574.171
572.559
572.559
572.559
572.559
572.559
572.559
572.559
572.559
572.559
572.559
572.559
572.559
572.559
572.559
572.559
572.559
572.559
572.559
572.559
572.559
572.559
572.559
572.559
572.559
572.559
572.559
572.559
572.559
572.559
565.993
565.993
565.993
565.993
565.993
565.993
565.993
565.993
571.796
581.392
610.244
619.69
657.476
653.373
661.015
695.403
692.932
692.932
692.932
692.932
694.857
694.857
694.857
694.857
694.857
694.857
694.857
692.364
692.364
692.364
692.364
692.364
692.364
692.364
692.364
689.832
689.832
689.832
689.832
689.832
699.603
725.008
725.008
742.595
748.458
752.366
754.321
752.246
763.058
763.058
760
760
758.965
757.921
754.741
756.781
766.98
766.98
766.98
766.98
785.339
799.618
803.697
807.777
807.777
807.777
807.777
807.777
807.777
807.777
807.777
807.777
807.777
807.777
809.817
830.215
842.454
868.972
868.972
868.352
868.352
868.352
868.352
868.352
868.352
868.352
868.352
868.352
868.352
868.352
868.352
868.352
868.352
868.352
868.352
868.352
868.352
868.352
868.352
868.352
868.352
868.352
867.727
867.727
867.727
867.727
867.727
867.727
867.727
878.008
878.008
878.008
878.008
878.008
878.008
878.008
880.064
884.177
884.177
884.177
890.345
910.908
927.357
972.594
972.594
972.594
972.594
972.594
972.594
972.387
972.387
972.387
972.387
972.387
972.387
972.387
972.387
972.387
972.387
972.387
972.387
972.387
972.387
972.387
972.387
972.387
972.387
972.387
972.387
972.387
972.387
972.387
972.387
972.387
972.387
972.387
972.387
972.387
972.387
972.387
972.387
972.387
972.387
972.387
972.387
972.387
972.387
972.387
972.387
972.387
972.387
972.178
971.755
971.755
971.755
971.755
971.755
971.755
973.845
975.935
975.935
975.935
975.935
975.935
975.935
975.935
975.935
975.935
975.935
975.935
975.935
982.204
990.563
990.563
990.563
996.833
1015.64
1015.64
1015.64
1015.64
1017.73
1024
1024
1024
1024
1024
1024
1024
1024
1024
1024
1024
1024
1024
1024
1024
1024
1024
1024
1024
1024
1024
1024
1024
1024
1024
1024
1024
1024
1024
1024
1024
1024
1024
1024
1024
1024
1024
1024
1024
1024
1024
1024
1024
1024
1024
1024
1024
1024
1024
1024
1024
1024
1024
1024
1024
1024
1024
1024
1024
1024
1024
1024
1024
1024
1024
1024
1024
1024
1024
1024
1024
1024
1024
1024
1024
1024
1024
1024
1024
1024
1024
1024
1024
1024
1024
1024
1024
1024
1024
1024
1024
1024
1024
1024
1024
1024
1024
1024
1024
1024
1024
1024
1024
1024
1024
1024
1024
1024
1024
1024
1024
1024
1024
1024
1024
1024
1024
1024
1024
1024
1024
1024
1024
1024
1024
1024
1024
1024
1024
1024
1024
1024
1024
1024
1024
1024
1024
1024
1024
1024
1024
1024
1024
1024
1024
1024
1024
1024
1024
1024
1024
1024
1024
1024
1024
1024
1024
1024
1024
1024
1024
1024
1024
1024
1024
1024
1024
1024
1024
1024
1024
1024
1024
1024
1024
1024
1024
1024
1024
1024
1024
1024
1024
1024
1024
1024
1024
1024
1024
1024
1024
1024
1024
1024
1024
1024
1024
1024
1024
1024
1024
1024
1024
1024
1024
1024
1024
1024
1024
1024
1024
1024
1024
1024
1024
1024
1024
1024
1024
1024
1024
1024
1024
1024
1024
1024
1024
1024
1024
1024
1024
1024
1024
1024
1024
1024
1024
1024
1024
1024
1024
1024
1024
1024
1024
1024
1024
1024
1024
1024
1024
1024
1024
1024
1024
1024
1024
1024
1024
1024
1024
1024
1024
1024
1024
1024
1024
1024
1024
1024
1024
1024
1024
1024
1024
1024
1024
1024
1024
1024
1024
1024
1024
1024
1024
1024
1024
1024
1024
1024
1024
1024
1024
1024
1024
1024
1024
1024
1024
1024
1024
1024
1024
1024
1024
1024
1024
1024
1024
1024
1024
1024
1024
1024
1024
1024
1024
1024
1024
1024
1024
1024
1024
1024
1024
1024
1024
1024
1024
1024
1024
1024
1024
1024
1024
1024
1024
1024
1024
1024
1024
1024
1024
1024
1024
1024
1024
1024
1024
1024
1024
1024
1024
1024
1024
1024
1024
1024
1024
1024
1024
1024
1024
1024
1024
1024
1024
1024
1024
1024
1024
1024
1024
1024
1024
1024
1024
1024
1024
1024
1024
1024
1024
1024
1024
1024
1024
1024
1024
1024
1024
1024
1024
1024
1024
1024
1024
1024
1024
1024
1024
1024
1024
1024
1024
1024
1024
1024
1024
1024
1024
1024
1024
1024
1024
1024
1024
1024
1024
1024
1024
1024
1024
1024
1024
1024
1024
1024
1024
1024
1024
1024
1024
1024
1024
1024
1024
1024
1024
1024
1024
1024
1024
1024
1024
1024
1024
1024
1024
1024
1024
1024
1024
1024
1024
1024
1024
1024
1024
1024
1024
1024
1024
1024
1024
1024
1024
1024
1024
1024
1024
1024
1024
1024
1024
1024
1024
1024
1024
1024
1024
1024
1024
1024
1024
1024
1024
1024
1024
1024
1024
1024
1024
1024
1024
1024
1024
1024
1024
1024
1024
1024
1024
1024
1024
1024
1024
1024
1024
1024
1024
1024
1024
1024
1024
1024
1024
1024
1024
1024
1024
1024
1024
1024
1024
1024
1024
1024
1024
1024
1024
1024
1024
1024
1024
1024
1024
1024
1024
1024
1024
1024
1024
1024
1024
1024
1024
1024
1024
1024
1024
1024
1024
1024
1024
1024
1024
1024
1024
1024
1024
1024
1024
1024
1024
1024
1024
1024
1024
1024
1024
1024
1024
1024
1024
1024
1024
1024
1024
1024
1024
1024
1024
1024
1024
1024
1024
1024
1024
1024
1024
1024
1024
1024
1024
1024
1024
1024
1024
1024
1024
1024
1024
1024
1024
1024
1024
1024
1024
1024
1024
1024
1024
1024
1024
1024
1024
1024
1024
1024
1024
1024
1024
1024
1024
1024
1024
1024
1024
1024
1024
1024
1024
1024
1024
1024
1024
1024
1024
1024
1024
1024
1024
1024
1024
1024
1024
1024
1024
1024
1024
1024
1024
1024
1024
1024
1024
1024
1024
1024
1024
1024
1024
1024
1024
1024
1024
1024
1024
1024
1024
1024
1024
1024
1024
1024
1024
1024
1024
1024
1024
1024
1024
1024
1024
1024
1024
1024
1024
1024
1024
1024
1024
1024
1024
1024
1024
1024
1024
1024
1024
1024
1024
1024
1024
1024
1024
1024
1024
1024
1024
1024
1024
1024
1024
1024
1024
1024
1024
1024
1024
1024
1024
1024
1024
1024
1024
1024
1024
1024
1024
1024
1024
1024
1024
1024
1024
1024
1024
1024
1024
1024
1024
1024
1024
1024
1024
1024
1024
1024
1024
1024
1024
1024
1024
1024
1024
1024
1024
1024
1024
1024
1024
1024
1024
1024
1024
1024
1024
1024
1024
1024
1024
1024
1024
1024
1024
1024
1024
1024
1024
1024
1024
1024
1024
1024
1024
1024
1024
1024
1024
1024
1024
1024
1024
1024
1024
1024
1024
1024
1024
1024
1024
1024
1024
1024
1024
1024
1024
1024
1024
1024
1024
1024
1024
1024
1024
1024
1024
1024
1024
1024
1024
1024
1024
1024
1024
1024
---------------------------------
2.83799
3.7095
4.51397
4.80447
6.36872
7.46369
8.11173
8.82682
9.2067
10.4134
11.3073
13.2291
14.7933
15.6425
16.6257
17.2514
17.9665
18.0112
18.7709
18.9497
19.6648
21.3631
23.419
25.2961
27.1732
29.1397
32.8045
34.1453
34.5922
35.5754
35.6648
36.2905
36.7374
36.9162
37.0056
37.0056
37.0056
37.1844
37.5419
37.7207
37.8994
41.1173
42.1899
45.7654
48.4469
53.2737
56.8492
59.7095
60.067
63.2849
65.6089
65.9665
66.8603
67.2179
67.2179
67.5754
68.4693
69.7207
69.8994
71.3296
71.3296
71.6872
71.8659
71.8659
71.8659
72.2235
72.2235
73.2961
74.0112
74.0112
74.0112
74.0112
75.0838
75.0838
75.0838
75.0838
77.5866
80.0894
82.2346
89.0279
97.6089
99.0391
101.542
111.553
111.911
114.413
117.989
118.346
120.134
124.067
124.067
125.497
127.285
127.285
127.285
130.503
132.291
133.006
134.793
137.654
137.654
138.369
138.369
139.084
139.084
139.084
139.084
139.084
139.799
141.229
145.162
145.162
145.162
145.162
145.162
146.592
146.592
146.592
146.592
146.592
146.592
146.592
146.592
146.592
146.592
146.592
146.592
146.592
146.592
146.592
146.592
146.592
146.592
146.592
146.592
148.022
148.022
148.022
148.022
148.737
152.313
152.313
154.458
154.458
155.888
168.76
168.76
175.911
180.916
182.346
183.777
186.637
188.067
188.067
188.782
190.927
190.927
190.927
190.927
190.927
190.927
193.788
198.078
198.078
202.369
204.514
206.659
217.385
217.385
220.246
220.961
226.682
238.838
258.86
267.441
268.156
268.872
272.447
272.447
272.447
272.447
273.877
273.877
277.453
284.603
287.464
287.464
287.464
287.464
287.464
292.469
292.469
292.469
294.615
296.045
296.045
296.045
296.76
296.76
296.76
296.76
296.76
296.76
296.76
296.76
296.76
296.76
296.76
296.76
296.76
296.76
296.76
296.76
296.76
296.76
296.76
296.76
296.76
296.76
296.76
296.76
296.76
296.76
296.76
296.76
296.76
296.76
296.76
296.76
296.76
296.76
296.76
296.76
296.76
296.76
296.76
296.76
296.76
296.76
297.475
297.475
297.475
297.475
297.475
297.475
297.475
297.475
297.475
297.475
297.475
297.475
297.475
297.475
297.475
297.475
297.475
297.475
297.475
297.475
297.475
297.475
297.475
297.475
297.475
297.475
297.475
297.475
297.475
297.475
297.475
297.475
297.475
300.335
300.335
303.196
303.196
308.916
308.916
308.916
308.916
311.777
320.358
320.358
321.788
328.939
333.229
358.972
358.972
358.972
384.715
384.715
384.715
384.715
390.436
390.436
390.436
390.436
390.436
397.587
424.76
429.05
450.503
454.793
457.654
457.654
457.654
457.654
460.514
473.385
477.483
480.36
480.36
480.36
480.36
483.236
483.236
483.236
483.236
486.112
486.112
486.112
486.112
486.112
491.865
509.124
509.124
509.124
509.124
513.438
523.506
523.506
527.82
563.775
563.775
563.775
563.775
563.775
563.775
563.775
563.775
563.775
563.775
563.775
563.775
563.775
566.652
566.652
568.09
579.596
579.596
579.596
579.596
579.596
579.596
579.596
579.596
579.596
579.596
579.596
579.596
579.596
579.596
579.596
579.596
579.596
579.596
579.596
579.596
585.348
586.787
586.787
586.787
586.787
586.787
586.787
586.787
586.787
589.663
589.663
589.663
589.663
589.663
589.663
589.663
589.663
589.663
589.663
589.663
589.663
589.663
589.663
589.663
589.663
589.663
589.663
589.663
589.663
589.663
589.663
589.663
589.663
589.663
589.663
592.539
587.636
587.636
587.636
587.636
587.636
587.636
587.636
587.636
587.636
587.636
585.143
585.143
585.143
585.143
585.143
585.143
582.621
582.621
582.621
580.069
580.069
580.069
580.069
580.069
580.069
580.069
580.069
580.069
580.069
580.069
580.069
580.069
580.069
580.069
580.069
580.069
580.069
580.069
580.069
580.069
580.069
580.069
580.069
580.069
580.069
580.069
580.069
580.069
580.069
580.069
580.069
580.069
580.069
580.069
580.069
580.069
580.069
580.069
580.069
580.069
580.069
580.069
580.069
580.069
580.069
580.069
577.488
577.488
577.488
577.488
577.488
577.488
577.488
577.488
577.488
577.488
577.488
577.488
577.488
577.488
577.488
577.488
577.488
577.488
577.488
577.488
574.877
574.877
574.877
574.877
574.877
574.877
574.877
574.877
574.877
574.877
574.877
574.877
574.877
574.877
574.877
574.877
574.877
574.877
574.877
574.877
574.877
574.877
574.877
574.877
574.877
574.877
574.877
574.877
574.877
574.877
574.877
574.877
574.877
572.235
572.235
578.259
578.259
581.271
581.271
587.294
587.294
587.294
587.294
587.294
587.294
587.294
587.294
584.71
579.449
579.449
579.449
579.449
579.449
579.449
579.449
579.449
579.449
579.449
579.449
579.449
579.449
579.449
582.515
625.437
755.663
755.663
768
798.843
798.843
798.843
798.843
798.843
801.928
814.265
814.265
814.265
814.265
814.265
814.265
814.265
814.265
814.265
814.265
814.265
814.265
814.265
814.265
814.265
814.265
814.265
814.265
814.265
814.265
817.349
835.855
835.855
835.855
835.855
835.855
835.855
835.855
838.94
847.127
847.127
847.127
847.127
847.127
847.127
847.127
853.333
875.055
875.055
875.055
875.055
875.055
875.055
875.055
875.055
875.055
875.055
875.055
875.055
874.146
874.146
874.146
874.146
874.146
874.146
874.146
874.146
874.146
874.146
874.146
874.146
874.146
874.146
874.146
874.146
874.146
874.146
874.146
874.146
874.146
874.146
874.146
874.146
874.146
874.146
874.146
874.146
874.146
874.146
880.39
896
896
896
896
896
896
896
896
905.366
980.293
980.293
980.293
980.293
980.293
980.293
980.293
980.293
980.293
980.293
980.293
980.293
980.293
980.293
980.293
980.293
980.293
980.293
980.293
980.293
980.293
980.025
980.025
980.025
980.025
980.025
989.448
1011.44
1011.44
1011.44
1011.44
1011.36
1011.36
1011.36
1011.36
1011.36
1011.36
1011.36
1011.36
1011.36
1011.36
1011.36
1011.36
1011.36
1011.36
1011.36
1011.36
1011.36
1011.36
1020.84
1020.84
1020.84
1020.84
1020.84
1020.84
1020.84
1020.84
1024
1024
1024
1024
1024
1024
1024
1024
1024
1024
1024
1024
1024
1024
1024
1024
1024
1024
1024
1024
1024
1024
1024
1024
1024
1024
1024
1024
1024
1024
1024
1024
1024
1024
1024
1024
1024
1024
1024
1024
1024
1024
1024
1024
1024
1024
1024
1024
1024
1024
1024
1024
1024
1024
1024
1024
1024
1024
1024
1024
1024
1024
1024
1024
1024
1024
1024
1024
1024
1024
1024
1024
1024
1024
1024
1024
1024
1024
1024
1024
1024
1024
1024
1024
1024
1024
1024
1024
1024
1024
1024
1024
1024
1024
1024
1024
1024
1024
1024
1024
1024
1024
1024
1024
1024
1024
1024
1024
1024
1024
1024
1024
1024
1024
1024
1024
1024
1024
1024
1024
1024
1024
1024
1024
1024
1024
1024
1024
1024
1024
1024
1024
1024
1024
1024
1024
1024
1024
1024
1024
1024
1024
1024
1024
1024
1024
1024
1024
1024
1024
1024
1024
1024
1024
1024
1024
1024
1024
1024
1024
1024
1024
1024
1024
1024
1024
1024
1024
1024
1024
1024
1024
1024
1024
1024
1024
1024
1024
1024
1024
1024
1024
1024
1024
1024
1024
1024
1024
1024
1024
1024
1024
1024
1024
1024
1024
1024
1024
1024
1024
1024
1024
1024
1024
1024
1024
1024
1024
1024
1024
1024
1024
1024
1024
1024
1024
1024
1024
1024
1024
1024
1024
1024
1024
1024
1024
1024
1024
1024
1024
1024
1024
1024
1024
1024
1024
1024
1024
1024
1024
1024
1024
1024
1024
1024
1024
1024
1024
1024
1024
1024
1024
1024
1024
1024
1024
1024
1024
1024
1024
1024
1024
1024
1024
1024
1024
1024
1024
1024
1024
1024
1024
1024
1024
1024
1024
1024
1024
1024
1024
1024
1024
1024
1024
1024
1024
1024
1024
1024
1024
1024
1024
1024
1024
1024
1024
1024
1024
1024
1024
1024
1024
1024
1024
1024
1024
1024
1024
1024
1024
1024
1024
1024
1024
1024
1024
1024
1024
1024
1024
1024
1024
1024
1024
1024
1024
1024
1024
1024
1024
1024
1024
1024
1024
1024
1024
1024
1024
1024
1024
1024
1024
1024
1024
1024
1024
1024
1024
1024
1024
1024
1024
1024
1024
1024
1024
1024
1024
1024
1024
1024
1024
1024
1024
1024
1024
1024
1024
1024
1024
1024
1024
1024
1024
1024
1024
1024
1024
1024
1024
1024
1024
1024
1024
1024
1024
1024
1024
1024
1024
1024
1024
1024
1024
1024
1024
1024
1024
1024
1024
1024
1024
1024
1024
1024
1024
1024
1024
1024
1024
1024
1024
1024
1024
1024
1024
1024
1024
1024
1024
1024
1024
1024
1024
1024
1024
1024
1024
1024
1024
1024
1024
1024
1024
1024
1024
1024
1024
1024
1024
1024
1024
1024
1024
1024
1024
1024
1024
1024
1024
1024
1024
1024
1024
1024
1024
1024
1024
1024
1024
1024
1024
1024
1024
1024
1024
1024
1024
1024
1024
1024
1024
1024
1024
1024
1024
1024
1024
1024
1024
1024
1024
1024
1024
1024
1024
1024
1024
1024
1024
1024
1024
1024
1024
1024
1024
1024
1024
1024
1024
1024
1024
1024
1024
1024
1024
1024
1024
1024
1024
1024
1024
1024
1024
1024
1024
1024
1024
1024
1024
1024
1024
1024
1024
1024
1024
1024
1024
1024
1024
1024
1024
1024
1024
1024
1024
1024
1024
1024
1024
1024
1024
1024
1024
1024
1024
1024
1024
1024
1024
1024
1024
1024
1024
1024
1024
1024
1024
1024
1024
1024
1024
1024
1024
1024
1024
1024
1024
1024
1024
1024
1024
1024
1024
1024
1024
1024
1024
1024
1024
1024
1024
1024
1024
1024
1024
1024
1024
1024
1024
1024
1024
1024
1024
1024
1024
1024
1024
1024
1024
1024
1024
1024
1024
1024
1024
1024
1024
1024
1024
1024
1024
1024
1024
1024
1024
1024
1024
1024
1024
1024
1024
1024
1024
1024
1024
1024
1024
1024
1024
1024
1024
1024
1024
1024
1024
1024
1024
1024
1024
1024
1024
1024
1024
1024
1024
1024
1024
1024
1024
1024
1024
1024
1024
1024
1024
1024
1024
1024
1024
1024
1024
1024
1024
1024
1024
1024
1024
1024
1024
1024
1024
1024
1024
1024
1024
1024
1024
1024
1024
1024
1024
1024
1024
1024
1024
1024
1024
1024
1024
1024
1024
1024
1024
1024
1024
1024
1024
1024
1024
1024
1024
1024
1024
1024
1024
1024
1024
1024
1024
1024
1024
1024
1024
1024
1024
1024
1024
1024
---------------------------------
2.99578
3.68776
4.33755
4.91139
5.99156
7.45992
8
8.37131
9.33333
10.3291
11.5274
13.3502
14.346
14.7848
15.4599
15.8312
16.2363
16.7764
17.6203
21.5021
23.1561
23.8987
25.654
26.5316
27.0717
27.6118
28.692
30.1097
31.73
32.3376
32.9451
33.2152
33.4852
33.7553
34.0928
34.6329
35.173
35.308
35.9831
37.6034
37.8734
38.4135
41.3165
50.3629
51.8481
53.7384
54.9536
55.8987
57.2489
59.1392
59.6793
62.3797
64.9451
65.7553
65.8903
66.0253
67.2405
67.2405
67.2405
68.5907
68.8608
69.1308
69.2658
69.2658
69.2658
69.2658
69.2658
69.6709
69.6709
69.6709
69.6709
69.9409
72.9114
86.9536
88.0338
88.0338
88.3038
88.5738
88.8439
88.8439
89.384
93.4346
96.9451
101.536
106.667
109.907
112.608
114.498
116.658
119.899
121.249
123.139
126.11
126.38
126.38
127.46
127.46
128.81
130.43
132.861
132.861
133.401
133.401
133.941
136.101
136.101
136.101
136.101
136.101
136.101
136.101
136.101
136.101
136.641
137.722
138.262
138.802
139.342
139.342
139.342
139.342
139.342
139.882
139.882
139.882
139.882
139.882
140.422
140.422
140.422
140.422
140.422
140.422
140.422
140.422
140.422
140.422
140.422
140.422
140.422
141.502
142.042
148.523
178.228
180.388
180.928
184.709
186.869
187.409
188.489
190.11
193.89
193.89
193.89
193.89
193.89
198.211
199.291
203.072
204.152
204.152
204.152
210.093
210.093
210.093
211.173
212.253
216.034
223.055
223.055
223.055
224.135
225.755
233.857
234.397
242.498
243.578
245.198
245.198
245.738
247.359
248.439
250.599
259.781
261.941
263.021
263.021
264.641
265.181
265.181
266.262
266.262
266.802
268.962
268.962
268.962
268.962
268.962
268.962
271.122
272.203
274.363
274.363
275.443
278.684
278.684
278.684
278.684
278.684
279.764
279.764
279.764
279.764
279.764
279.764
280.844
280.844
280.844
280.844
280.844
280.844
280.844
280.844
280.844
280.844
280.844
280.844
280.844
280.844
280.844
280.844
280.844
280.844
280.844
280.844
280.844
280.844
280.844
280.844
280.844
280.844
280.844
280.844
280.844
280.844
280.844
280.844
280.844
280.844
280.844
280.844
280.844
280.844
280.844
280.844
280.844
280.844
280.844
280.844
280.844
280.844
280.844
280.844
280.844
280.844
280.844
280.844
280.844
280.844
280.844
280.844
280.844
280.844
280.844
280.844
280.844
280.844
280.844
281.924
286.245
290.565
298.127
302.447
306.768
318.65
374.819
374.819
374.819
374.819
379.139
379.139
379.139
379.139
379.139
379.139
381.3
381.3
381.3
383.46
401.823
407.224
408.304
410.464
410.464
410.464
410.464
414.785
414.785
414.785
414.785
424.506
424.506
428.827
440.709
440.709
440.709
440.709
440.709
440.709
441.789
445.03
446.11
450.43
467.713
467.713
467.713
467.713
467.713
467.713
469.873
469.873
472.034
472.034
472.034
472.034
472.034
474.194
480.675
487.156
487.156
491.477
491.477
491.477
491.477
501.198
503.359
505.519
510.92
515.241
515.241
515.241
515.241
515.241
515.241
515.241
515.241
515.241
515.241
515.241
515.241
515.241
515.241
520.641
530.363
530.363
530.363
530.363
537.924
556.287
556.287
556.287
556.287
552.306
552.306
552.306
552.306
552.306
552.306
552.306
553.396
553.396
553.396
555.574
555.574
555.574
555.574
555.574
555.574
555.574
555.574
555.574
555.574
555.574
555.574
555.574
555.574
555.574
557.753
557.753
557.753
557.753
557.753
557.753
557.753
557.753
557.753
557.753
557.753
557.753
557.753
557.753
557.753
557.753
557.753
557.753
557.753
557.753
557.753
557.753
557.753
557.753
557.753
557.753
557.753
557.753
557.753
557.753
557.753
557.753
557.753
557.753
557.753
557.753
557.753
557.753
557.753
557.753
557.753
557.753
557.753
557.753
557.753
557.753
557.753
557.753
557.753
557.753
557.753
557.753
557.753
557.753
557.753
557.753
555.761
555.761
555.761
553.751
553.751
553.751
553.751
549.68
549.68
549.68
549.68
549.68
549.68
549.68
549.68
549.68
549.68
549.68
545.537
545.537
545.537
545.537
545.537
545.537
545.537
545.537
545.537
545.537
545.537
545.537
545.537
545.537
545.537
545.537
545.537
545.537
545.537
545.537
545.537
545.537
545.537
545.537
545.537
545.537
545.537
545.537
545.537
545.537
545.537
543.439
541.322
541.322
541.322
541.322
541.322
541.322
541.322
541.322
539.186
539.186
539.186
539.186
539.186
539.186
539.186
539.186
539.186
539.186
539.186
537.031
537.031
537.031
537.031
537.031
537.031
537.031
537.031
537.031
537.031
537.031
537.031
537.031
537.031
534.857
534.857
534.857
534.857
534.857
530.45
530.45
530.45
530.45
530.45
530.45
530.45
530.45
530.45
530.45
530.45
530.45
530.45
530.45
535.063
535.063
535.063
535.063
535.063
535.063
535.063
555.82
555.82
555.82
560.432
574.27
581.189
581.189
581.189
583.495
575.413
575.413
575.413
575.413
605.945
742.165
742.165
742.165
742.165
742.165
742.165
742.165
742.165
740.866
740.866
740.866
743.226
755.023
776.258
776.258
776.258
776.258
776.258
776.258
776.258
776.258
776.258
776.258
780.977
795.134
795.134
795.134
811.65
854.12
854.12
854.12
854.12
854.12
856.479
856.479
856.479
856.479
856.479
856.479
856.479
856.479
856.479
856.479
856.479
856.479
856.479
856.479
856.479
856.479
856.479
856.479
856.479
856.479
856.479
856.479
856.479
856.479
858.839
868.276
906.028
906.028
906.028
906.028
941.419
941.419
941.419
941.419
941.419
941.419
941.419
941.419
941.419
941.419
946.138
953.217
967.373
969.733
976.811
976.811
976.811
976.811
976.811
976.811
976.811
976.811
976.811
976.811
976.811
976.593
976.593
976.593
976.593
976.593
976.593
976.593
976.593
976.593
976.593
976.593
976.593
976.593
976.593
976.593
976.593
976.593
976.593
976.593
976.593
976.593
976.593
976.593
976.593
976.593
981.333
990.815
990.815
990.815
990.815
990.815
990.815
990.815
990.815
990.815
990.815
990.815
990.815
990.815
990.815
990.815
990.815
990.815
990.815
990.815
990.815
990.815
990.815
993.185
1002.67
1002.67
1002.67
1002.67
1002.67
1002.67
1002.67
1002.67
1002.67
1002.67
1002.67
1002.67
1002.67
1002.67
1002.67
1002.67
1002.67
1007.41
1024
1024
1024
1024
1024
1024
1024
1024
1024
1024
1024
1024
1024
1024
1024
1024
1024
1024
1024
1024
1024
1024
1024
1024
1024
1024
1024
1024
1024
1024
1024
1024
1024
1024
1024
1024
1024
1024
1024
1024
1024
1024
1024
1024
1024
1024
1024
1024
1024
1024
1024
1024
1024
1024
1024
1024
1024
1024
1024
1024
1024
1024
1024
1024
1024
1024
1024
1024
1024
1024
1024
1024
1024
1024
1024
1024
1024
1024
1024
1024
1024
1024
1024
1024
1024
1024
1024
1024
1024
1024
1024
1024
1024
1024
1024
1024
1024
1024
1024
1024
1024
1024
1024
1024
1024
1024
1024
1024
1024
1024
1024
1024
1024
1024
1024
1024
1024
1024
1024
1024
1024
1024
1024
1024
1024
1024
1024
1024
1024
1024
1024
1024
1024
1024
1024
1024
1024
1024
1024
1024
1024
1024
1024
1024
1024
1024
1024
1024
1024
1024
1024
1024
1024
1024
1024
1024
1024
1024
1024
1024
1024
1024
1024
1024
1024
1024
1024
1024
1024
1024
1024
1024
1024
1024
1024
1024
1024
1024
1024
1024
1024
1024
1024
1024
1024
1024
1024
1024
1024
1024
1024
1024
1024
1024
1024
1024
1024
1024
1024
1024
1024
1024
1024
1024
1024
1024
1024
1024
1024
1024
1024
1024
1024
1024
1024
1024
1024
1024
1024
1024
1024
1024
1024
1024
1024
1024
1024
1024
1024
1024
1024
1024
1024
1024
1024
1024
1024
1024
1024
1024
1024
1024
1024
1024
1024
1024
1024
1024
1024
1024
1024
1024
1024
1024
1024
1024
1024
1024
1024
1024
1024
1024
1024
1024
1024
1024
1024
1024
1024
1024
1024
1024
1024
1024
1024
1024
1024
1024
1024
1024
1024
1024
1024
1024
1024
1024
1024
1024
1024
1024
1024
1024
1024
1024
1024
1024
1024
1024
1024
1024
1024
1024
1024
1024
1024
1024
1024
1024
1024
1024
1024
1024
1024
1024
1024
1024
1024
1024
1024
1024
1024
1024
1024
1024
1024
1024
1024
1024
1024
1024
1024
1024
1024
1024
1024
1024
1024
1024
1024
1024
1024
1024
1024
1024
1024
1024
1024
1024
1024
1024
1024
1024
1024
1024
1024
1024
1024
1024
1024
1024
1024
1024
1024
1024
1024
1024
1024
1024
1024
1024
1024
1024
1024
1024
1024
1024
1024
1024
1024
1024
1024
1024
1024
1024
1024
1024
1024
1024
1024
1024
1024
1024
1024
1024
1024
1024
1024
1024
1024
1024
1024
1024
1024
1024
1024
1024
1024
1024
1024
1024
1024
1024
1024
1024
1024
1024
1024
1024
1024
1024
1024
1024
1024
1024
1024
1024
1024
1024
1024
1024
1024
1024
1024
1024
1024
1024
1024
1024
1024
1024
1024
1024
1024
1024
1024
1024
1024
1024
1024
1024
1024
1024
1024
1024
1024
1024
1024
1024
1024
1024
1024
1024
1024
1024
1024
1024
1024
1024
1024
1024
1024
1024
1024
1024
1024
1024
1024
1024
1024
1024
1024
1024
1024
1024
1024
1024
1024
1024
1024
1024
1024
1024
1024
1024
1024
1024
1024
1024
1024
1024
1024
1024
1024
1024
1024
1024
1024
1024
1024
1024
1024
1024
1024
1024
1024
1024
1024
1024
1024
1024
1024
1024
1024
1024
1024
1024
1024
1024
1024
1024
1024
1024
1024
1024
1024
1024
1024
1024
1024
1024
1024
1024
1024
1024
1024
1024
1024
1024
1024
1024
1024
1024
1024
1024
1024
1024
1024
1024
1024
1024
1024
1024
1024
1024
1024
1024
1024
1024
1024
1024
1024
1024
1024
1024
1024
1024
1024
1024
1024
1024
1024
1024
1024
1024
1024
1024
1024
1024
1024
1024
1024
1024
1024
1024
1024
1024
1024
1024
1024
1024
1024
1024
1024
1024
1024
1024
1024
1024
1024
1024
1024
1024
1024
1024
1024
1024
1024
1024
1024
1024
1024
1024
1024
1024
1024
1024
1024
1024
1024
1024
1024
1024
1024
1024
1024
1024
1024
1024
1024
1024
1024
1024
1024
1024
1024
1024
1024
1024
1024
1024
1024
---------------------------------
2.90909
3.66061
4.41212
4.9697
5.79394
6.93333
8.21818
8.75152
9.01818
9.28485
10.5455
12.1697
13.5273
14.7394
15.8545
17.1152
17.4545
17.503
17.7939
19.6364
20.7515
21.5273
24.9697
26.6667
28.897
30.5455
33.4545
33.8424
35.297
35.5879
36.1697
36.1697
36.6545
36.8485
36.8485
36.8485
36.9455
37.0424
37.2364
38.4
39.5636
44.0242
44.9939
46.1576
48.4848
49.6485
51.7818
51.7818
51.7818
53.1394
54.303
55.8545
57.6
64.7758
70.0121
71.7576
71.7576
71.7576
72.1455
72.1455
72.1455
72.1455
72.1455
72.5333
73.697
73.697
73.697
73.697
73.697
73.697
73.697
73.697
75.2485
75.6364
75.6364
76.0242
77.5758
77.5758
79.5152
80.2909
80.2909
80.6788
85.3333
88.8242
88.8242
89.6
91.5394
93.0909
95.0303
99.6848
103.952
107.055
110.158
115.2
115.976
119.079
119.079
120.63
121.406
121.406
121.406
123.345
126.061
126.061
126.061
127.224
133.818
134.594
134.594
137.697
139.248
146.618
146.618
146.618
146.618
146.618
146.618
147.394
147.394
147.394
147.394
148.17
148.17
148.17
148.17
148.17
148.17
148.17
148.17
148.17
148.17
148.17
148.17
148.17
148.17
148.17
148.17
148.17
148.17
148.17
148.17
148.17
148.17
148.17
148.17
150.497
153.6
160.582
164.461
166.012
183.855
183.855
185.406
187.733
202.473
204.024
205.576
205.576
205.576
207.127
207.127
207.127
207.127
207.903
209.455
225.745
225.745
226.521
234.279
234.279
234.279
239.709
246.691
252.121
259.103
260.655
266.085
267.636
268.412
272.291
273.842
273.842
275.394
276.945
276.945
277.721
282.376
285.479
286.255
287.03
293.236
294.788
294.788
294.788
294.788
294.788
294.788
294.788
294.788
294.788
294.788
294.788
294.788
294.788
294.788
294.788
294.788
294.788
294.788
294.788
294.788
294.788
294.788
294.788
294.788
294.788
294.788
294.788
294.788
294.788
294.788
294.788
296.339
296.339
296.339
296.339
296.339
296.339
296.339
296.339
296.339
296.339
296.339
296.339
296.339
296.339
296.339
296.339
296.339
296.339
296.339
296.339
296.339
296.339
296.339
296.339
296.339
296.339
296.339
296.339
296.339
296.339
296.339
296.339
296.339
296.339
296.339
296.339
296.339
296.339
296.339
296.339
296.339
296.339
296.339
296.339
296.339
296.339
296.339
297.891
299.442
311.855
316.509
316.509
322.715
322.715
322.715
322.715
324.267
324.267
327.37
333.576
349.091
352.194
352.194
352.194
358.4
358.4
364.606
364.606
364.606
367.709
367.709
370.812
370.812
370.812
373.915
373.915
373.915
377.018
392.533
404.945
408.048
408.048
409.6
431.321
439.079
440.63
440.63
440.63
440.63
440.63
440.63
440.63
440.63
440.63
443.733
443.733
443.733
443.733
443.733
443.733
443.733
443.733
443.733
443.733
443.733
443.733
443.733
446.836
446.836
446.836
446.836
446.836
446.836
449.939
484.073
516.655
539.927
543.03
543.03
543.03
543.03
543.03
550.788
566.303
567.855
578.715
578.715
578.715
578.715
578.715
578.715
578.715
578.715
578.715
578.715
578.715
578.715
578.715
578.715
578.715
578.715
578.715
578.715
578.715
578.715
578.715
578.715
576.393
576.393
576.393
576.393
576.393
576.393
584.245
584.245
584.245
584.245
584.245
584.245
587.387
587.387
587.387
587.387
587.387
587.387
587.387
587.387
587.387
587.387
587.387
587.387
587.387
587.387
587.387
587.387
587.387
584.691
584.691
584.691
584.691
584.691
584.691
584.691
584.691
584.691
584.691
584.691
584.691
584.691
584.691
584.691
584.691
584.691
584.691
584.691
584.691
584.691
584.691
584.691
584.691
584.691
584.691
584.691
584.691
584.691
584.691
584.691
584.691
584.691
584.691
584.691
584.691
584.691
584.691
584.691
584.691
584.691
584.691
584.691
584.691
584.691
584.691
584.691
584.691
584.691
584.691
584.691
584.691
584.691
579.2
579.2
579.2
579.2
579.2
579.2
579.2
579.2
579.2
579.2
579.2
579.2
579.2
579.2
579.2
579.2
579.2
579.2
579.2
579.2
579.2
579.2
579.2
579.2
579.2
579.2
579.2
579.2
579.2
579.2
579.2
579.2
579.2
573.57
573.57
573.57
573.57
573.57
573.57
573.57
573.57
573.57
573.57
573.57
573.57
573.57
573.57
570.701
570.701
567.795
567.795
567.795
567.795
567.795
567.795
567.795
567.795
567.795
561.87
561.87
561.87
561.87
561.87
561.87
561.87
561.87
561.87
561.87
561.87
561.87
561.87
561.87
561.87
561.87
561.87
561.87
561.87
558.85
562.196
562.196
559.158
559.158
559.158
559.158
546.595
546.595
543.347
543.347
543.347
543.347
540.055
540.055
540.055
540.055
540.055
540.055
540.055
540.055
540.055
540.055
540.055
540.055
540.055
540.055
540.055
540.055
540.055
540.055
540.055
540.055
540.055
540.055
540.055
540.055
540.055
543.562
547.068
575.123
575.123
575.123
575.123
575.123
575.123
575.123
575.123
575.123
575.123
575.123
575.123
575.123
575.123
572.028
572.028
572.028
572.028
572.028
572.028
572.028
572.028
572.028
572.028
572.028
572.028
572.028
572.028
572.028
572.028
572.028
572.028
572.028
572.028
572.028
579.09
579.09
579.09
579.09
576
576
576
576
576
576
576
576
576
576
576
576
576
576
576
576
576
576
593.778
618.667
618.667
618.667
618.667
618.667
618.667
618.667
618.667
618.667
618.667
618.667
618.667
618.667
618.667
618.667
618.667
618.667
618.667
618.667
618.667
622.222
622.222
640.895
640.895
640.895
640.895
640.895
640.895
640.895
640.895
649.014
710.31
710.31
710.31
710.31
710.31
710.31
713.915
735.549
753.577
840.113
840.113
837.486
837.486
837.486
837.486
844.8
899.657
899.657
899.657
899.657
903.314
914.286
965.486
969.143
969.143
969.143
969.143
969.143
969.143
969.143
969.143
969.143
969.143
972.8
1024
1024
1024
1024
1024
1024
1024
1024
1024
1024
1024
1024
1024
1024
1024
1024
1024
1024
1024
1024
1024
1024
1024
1024
1024
1024
1024
1024
1024
1024
1024
1024
1024
1024
1024
1024
1024
1024
1024
1024
1024
1024
1024
1024
1024
1024
1024
1024
1024
1024
1024
1024
1024
1024
1024
1024
1024
1024
1024
1024
1024
1024
1024
1024
1024
1024
1024
1024
1024
1024
1024
1024
1024
1024
1024
1024
1024
1024
1024
1024
1024
1024
1024
1024
1024
1024
1024
1024
1024
1024
1024
1024
1024
1024
1024
1024
1024
1024
1024
1024
1024
1024
1024
1024
1024
1024
1024
1024
1024
1024
1024
1024
1024
1024
1024
1024
1024
1024
1024
1024
1024
1024
1024
1024
1024
1024
1024
1024
1024
1024
1024
1024
1024
1024
1024
1024
1024
1024
1024
1024
1024
1024
1024
1024
1024
1024
1024
1024
1024
1024
1024
1024
1024
1024
1024
1024
1024
1024
1024
1024
1024
1024
1024
1024
1024
1024
1024
1024
1024
1024
1024
1024
1024
1024
1024
1024
1024
1024
1024
1024
1024
1024
1024
1024
1024
1024
1024
1024
1024
1024
1024
1024
1024
1024
1024
1024
1024
1024
1024
1024
1024
1024
1024
1024
1024
1024
1024
1024
1024
1024
1024
1024
1024
1024
1024
1024
1024
1024
1024
1024
1024
1024
1024
1024
1024
1024
1024
1024
1024
1024
1024
1024
1024
1024
1024
1024
1024
1024
1024
1024
1024
1024
1024
1024
1024
1024
1024
1024
1024
1024
1024
1024
1024
1024
1024
1024
1024
1024
1024
1024
1024
1024
1024
1024
1024
1024
1024
1024
1024
1024
1024
1024
1024
1024
1024
1024
1024
1024
1024
1024
1024
1024
1024
1024
1024
1024
1024
1024
1024
1024
1024
1024
1024
1024
1024
1024
1024
1024
1024
1024
1024
1024
1024
1024
1024
1024
1024
1024
1024
1024
1024
1024
1024
1024
1024
1024
1024
1024
1024
1024
1024
1024
1024
1024
1024
1024
1024
1024
1024
1024
1024
1024
1024
1024
1024
1024
1024
1024
1024
1024
1024
1024
1024
1024
1024
1024
1024
1024
1024
1024
1024
1024
1024
1024
1024
1024
1024
1024
1024
1024
1024
1024
1024
1024
1024
1024
1024
1024
1024
1024
1024
1024
1024
1024
1024
1024
1024
1024
1024
1024
1024
1024
1024
1024
1024
1024
1024
1024
1024
1024
1024
1024
1024
1024
1024
1024
1024
1024
1024
1024
1024
1024
1024
1024
1024
1024
1024
1024
1024
1024
1024
1024
1024
1024
1024
1024
1024
1024
1024
1024
1024
1024
1024
1024
1024
1024
1024
1024
1024
1024
1024
1024
1024
1024
1024
1024
1024
1024
1024
1024
1024
1024
1024
1024
1024
1024
1024
1024
1024
1024
1024
1024
1024
1024
1024
1024
1024
1024
1024
1024
1024
1024
1024
1024
1024
1024
1024
1024
1024
1024
1024
1024
1024
1024
1024
1024
1024
1024
1024
1024
1024
1024
1024
1024
1024
1024
1024
1024
1024
1024
1024
1024
1024
1024
1024
1024
1024
1024
1024
1024
1024
1024
1024
1024
1024
1024
1024
1024
1024
1024
1024
1024
1024
1024
1024
1024
1024
1024
1024
---------------------------------
