---------------------------------
3.04021
3.72118
4.32172
4.86863
6.20912
7.37802
8.12869
8.40751
8.7185
9.41555
11.4102
12.2895
13.1475
14.0483
14.6702
15.7426
16.6434
17.0295
17.2869
17.8445
18.4879
19.3029
20.6756
22.7346
25.9088
29.2547
30.1126
31.0134
31.4424
32.2574
33.1153
33.2869
33.4584
33.63
33.8445
34.1019
34.5737
35.1314
38.134
40.5362
41.4799
42.5094
43.3673
44.9973
46.7131
48.429
53.319
55.5925
59.3673
59.882
60.8257
62.6273
63.3137
63.7426
63.9142
64.6005
66.1448
66.6595
66.6595
66.8311
66.9169
67.0885
67.0885
67.1743
67.1743
67.1743
67.1743
67.689
68.0322
68.0322
68.3753
70.3485
73.437
83.8177
87.2493
87.7641
89.4799
93.4263
95.571
96.9437
97.4584
97.9732
99.3458
99.689
103.121
104.665
106.895
107.582
107.925
107.925
107.925
108.783
112.214
113.416
116.161
119.764
122.853
125.083
127.657
128.343
128.858
129.544
130.059
131.26
134.005
134.005
134.005
134.005
134.177
134.52
134.863
134.863
134.863
134.863
135.035
135.035
135.206
135.721
136.064
136.064
136.408
136.751
136.751
136.751
136.751
136.751
136.751
136.751
136.751
136.751
136.751
136.922
136.922
137.265
138.295
138.295
138.981
140.354
140.354
141.727
144.815
149.276
176.386
177.416
177.416
178.445
179.131
180.161
180.847
182.22
185.308
185.995
187.024
188.74
189.769
193.544
193.544
193.544
199.035
199.035
199.035
199.721
204.182
205.898
205.898
206.584
206.584
206.928
207.614
209.33
209.33
209.33
209.33
210.016
210.359
211.732
215.85
222.37
222.37
222.37
222.37
222.37
225.458
231.979
237.126
238.155
240.214
245.705
247.764
248.794
250.509
255.314
255.657
256.343
256.343
256.343
256.686
261.147
262.863
266.981
266.981
267.668
267.668
267.668
267.668
267.668
267.668
267.668
267.668
267.668
268.354
274.188
274.188
274.188
274.188
274.188
274.188
274.188
274.188
274.188
274.188
274.188
274.188
274.188
274.188
274.188
274.188
274.188
274.188
274.188
274.188
274.188
274.188
274.188
274.188
274.188
274.188
274.188
274.188
274.188
274.188
274.188
274.188
274.188
274.874
275.903
275.903
275.903
275.903
275.903
275.903
275.903
275.903
275.903
275.903
275.903
275.903
275.903
275.903
275.903
275.903
281.394
290.316
291.689
291.689
293.062
295.807
295.807
295.807
295.807
295.807
295.807
295.807
295.807
297.18
297.866
300.611
300.611
301.298
303.357
310.22
351.399
352.086
361.008
361.694
365.126
373.362
374.735
374.735
374.735
374.735
374.735
374.735
376.107
385.029
388.461
389.834
389.834
389.834
394.638
395.324
395.324
395.324
397.383
398.756
411.796
411.796
411.796
411.796
411.796
413.169
414.542
417.973
422.091
422.091
422.091
422.091
422.091
423.464
423.464
424.15
424.15
425.523
425.523
425.523
425.523
425.523
425.523
425.523
425.523
425.523
437.877
485.233
501.019
504.45
507.196
509.255
509.255
509.255
509.255
509.941
510.627
512
513.373
513.373
524.354
524.354
524.354
524.354
525.04
529.845
529.845
529.845
529.845
529.845
530.531
530.531
530.531
533.276
536.021
536.021
536.021
536.021
536.708
546.316
547.689
547.689
547.689
547.689
547.689
547.689
547.689
547.689
547.689
547.689
548.375
548.375
548.375
548.375
548.375
548.375
548.375
548.375
548.375
548.375
548.375
548.375
548.375
548.375
548.375
548.375
548.375
548.375
548.375
548.375
548.375
548.375
548.375
548.375
548.375
548.375
548.375
548.375
548.375
548.375
548.375
548.375
548.375
548.375
548.375
548.375
548.375
549.748
549.748
549.748
549.748
549.748
549.748
549.748
549.748
549.748
549.748
549.748
549.748
549.748
549.748
549.748
549.748
549.748
549.748
549.748
549.748
549.748
549.748
549.748
549.748
549.748
549.748
549.748
549.748
549.748
549.748
549.748
549.748
549.748
549.748
549.748
549.748
549.748
549.748
549.748
549.748
549.748
549.748
549.748
549.748
551.807
551.807
551.807
551.807
551.807
551.807
551.807
551.807
551.807
551.807
551.807
551.807
551.807
551.807
551.807
551.807
551.807
551.807
551.807
551.807
551.807
551.807
551.807
551.807
551.807
551.807
551.807
551.807
551.807
551.807
551.807
551.807
551.807
551.807
551.807
551.807
551.807
551.807
551.807
551.807
551.807
551.807
551.807
551.807
551.807
551.807
551.807
551.807
551.807
551.807
551.807
551.807
551.807
551.807
551.807
551.807
551.807
551.807
551.807
551.807
551.807
551.807
551.807
554.552
554.552
554.552
554.552
558.67
558.67
558.67
558.67
558.67
558.67
561.416
561.416
561.416
561.416
561.416
561.416
561.416
564.161
573.769
573.769
573.769
573.769
573.769
573.769
573.769
573.769
573.769
576.515
576.515
576.515
576.515
576.515
577.887
595.732
679.464
682.209
686.327
689.072
689.072
689.072
689.072
689.072
689.072
690.445
708.29
708.29
708.29
712.408
726.134
728.879
730.252
731.625
731.625
731.625
731.625
731.625
734.37
757.705
757.705
757.705
757.705
757.705
757.705
757.705
770.059
824.965
824.965
824.965
837.319
845.555
845.555
845.555
845.555
848.3
859.282
878.499
881.244
881.244
881.244
881.244
881.244
883.989
883.989
883.989
883.989
883.989
883.989
883.989
883.989
883.989
883.989
883.989
883.989
883.989
883.989
883.989
883.989
883.989
883.989
896.343
919.678
919.678
921.051
925.169
925.169
925.169
925.169
925.169
926.542
926.542
926.542
920.496
920.496
920.496
920.496
920.496
920.496
920.496
920.496
920.496
920.496
920.496
920.496
920.496
920.496
921.876
938.437
939.817
943.957
945.337
946.717
948.097
952.237
953.617
961.898
961.898
970.178
972.938
989.499
989.499
989.499
989.499
989.499
989.499
992.259
996.399
996.399
997.779
1019.86
1019.86
1019.86
1019.86
1019.86
1019.86
1019.86
1019.86
1019.86
1019.86
1019.86
1019.86
1019.86
1019.86
1021.24
1021.24
1021.24
1021.24
1021.24
1021.24
1021.24
1018.46
1018.46
1019.85
1029.54
1054.44
1054.44
1054.44
1054.44
1054.44
1054.44
1054.44
1054.44
1054.44
1054.44
1054.44
1054.44
1054.44
1054.44
1054.44
1054.44
1054.44
1054.44
1054.44
1054.44
1058.59
1062.75
1065.51
1065.51
1065.51
1065.51
1065.51
1065.51
1065.51
1065.51
1065.51
1065.51
1065.51
1090.42
1090.42
1090.42
1090.42
1066.55
1066.55
1066.55
1066.55
1066.55
1066.55
1066.55
1066.55
1066.55
1066.55
1063.82
1063.82
1063.82
1063.82
1063.82
1063.82
1063.82
1063.82
1063.82
1063.82
1063.82
1063.82
1063.82
1063.82
1063.82
1063.82
1063.82
1063.82
1063.82
1063.82
1063.82
1063.82
1063.82
1063.82
1063.82
1063.82
1055.55
1055.55
1055.55
1055.55
1055.55
1055.55
1055.55
1055.55
1055.55
1055.55
1055.55
1055.55
1055.55
1055.55
1055.55
1055.55
1055.55
1055.55
1055.55
1055.55
1055.55
1055.55
1055.55
1055.55
1055.55
1055.55
1055.55
1055.55
1055.55
1055.55
1055.55
1055.55
1055.55
1052.76
1052.76
1052.76
1049.96
1047.14
1047.14
1047.14
1047.14
1047.14
1047.14
1047.14
1047.14
1047.14
1047.14
1047.14
1047.14
1047.14
1047.14
1047.14
1047.14
1047.14
1047.14
1047.14
1047.14
1047.14
1047.14
1047.14
1047.14
1047.14
1047.14
1047.14
1047.14
1047.14
1047.14
1047.14
1047.14
1047.14
1047.14
1047.14
1047.14
1047.14
1047.14
1047.14
1047.14
1047.14
1047.14
1047.14
1047.14
1047.14
1047.14
1044.31
1044.31
1044.31
1044.31
1044.31
1044.31
1044.31
1044.31
1041.45
1041.45
1041.45
1041.45
1041.45
1041.45
1041.45
1041.45
1041.45
1041.45
1041.45
1041.45
1041.45
1041.45
1041.45
1041.45
1041.45
1041.45
1041.45
1041.45
1041.45
1041.45
1041.45
1041.45
1041.45
1041.45
1041.45
1041.45
1041.45
1041.45
1041.45
1041.45
1041.45
1041.45
1041.45
1041.45
1041.45
1041.45
1041.45
1041.45
1041.45
1032.8
1032.8
1032.8
1032.8
1032.8
1032.8
1034.27
1035.74
1038.67
1038.67
1038.67
1038.67
1038.67
1038.67
1038.67
1038.67
1038.67
1038.67
1038.67
1038.67
1038.67
1038.67
1038.67
1038.67
1038.67
1038.67
1038.67
1038.67
1038.67
1038.67
1038.67
1038.67
1038.67
1035.77
1035.77
1035.77
1035.77
1035.77
1035.77
1035.77
1035.77
1035.77
1035.77
1035.77
1035.77
1035.77
1035.77
1035.77
1035.77
1035.77
1035.77
1035.77
1035.77
1035.77
1035.77
1035.77
1035.77
1035.77
1035.77
1035.77
1035.77
1035.77
1035.77
1035.77
1035.77
1035.77
1035.77
1035.77
1035.77
1035.77
1035.77
1035.77
1035.77
1035.77
1035.77
1035.77
1035.77
1035.77
1035.77
1035.77
1035.77
1035.77
1035.77
1035.77
1035.77
1035.77
1035.77
1035.77
1035.77
1035.77
1035.77
1035.77
1035.77
1035.77
1032.85
1032.85
1032.85
1032.85
1032.85
1032.85
1032.85
1032.85
1032.85
1032.85
1032.85
1032.85
1032.85
1032.85
1029.92
1024
1024
1024
1024
1024
1024
1024
1024
1024
1024
1024
1024
1024
1024
1024
1024
1024
1024
1024
1024
1024
1024
1024
1024
1024
1026.98
1032.93
1080.56
1262.14
1265.12
1265.12
1265.12
1265.12
1265.12
1291.91
1342.51
1342.51
1342.51
1342.51
1342.51
1342.51
1342.51
1342.51
1342.51
1342.51
1342.51
1342.51
1342.51
1342.51
1342.51
1342.51
1342.51
1342.51
1342.51
1345.49
1384.19
1384.19
1384.19
1387.16
1387.16
1387.16
1387.16
1387.16
1387.16
1387.16
1387.16
1387.16
1387.16
1387.16
1390.14
1390.14
1390.14
1390.14
1390.14
1390.14
1390.14
1390.14
1390.14
1390.14
1390.14
1390.14
1390.14
1390.14
1390.14
1390.14
1393.12
1405.02
1425.86
1482.42
1488.37
1494.33
1494.33
1494.33
1494.33
1494.33
1494.33
1494.33
1494.33
1494.33
1494.33
1494.33
1494.33
1494.33
1494.33
1494.33
1500.28
1550.88
1550.88
1550.88
1550.88
1550.88
1550.88
1550.88
1550.88
1550.88
1550.88
1550.88
1550.88
1550.88
1550.88
1550.88
1550.88
1550.88
1550.88
1550.88
1553.86
1559.81
1559.81
1559.81
1559.81
1559.81
1559.81
1559.81
1559.81
1559.81
1559.81
1559.81
1559.81
1559.81
1559.81
1559.81
1559.81
1559.81
1559.81
1559.81
1559.81
1559.81
1559.81
1559.81
1559.81
1559.81
1559.81
1559.81
1565.77
1568.74
1580.65
1586.6
1622.33
1622.33
1622.33
1622.33
1622.33
1625.3
1643.16
1643.16
1643.16
1643.16
1643.16
1643.16
1649.12
1699.72
1699.72
1699.72
1699.72
1699.72
1714.6
1750.33
1750.33
1750.33
1750.33
1750.33
1750.33
1750.33
1750.33
1750.33
1750.33
1750.33
1750.33
1750.33
1750.33
1750.33
1750.33
1750.33
1750.33
1750.33
1750.33
1750.33
1750.33
1750.33
1750.33
1750.33
1750.33
1750.33
1750.33
1750.33
1750.33
1750.33
1750.33
1750.33
1750.33
1750.33
1750.33
1750.33
1750.33
1750.33
1750.33
1750.33
1750.33
1750.33
1750.33
1750.33
1750.33
1750.33
1750.33
1750.33
1750.33
1750.33
1750.33
1750.33
1750.33
1750.33
1750.33
1750.33
1750.33
1750.33
1750.33
1750.33
1777.12
1777.12
1777.12
1777.12
1777.12
1777.12
1777.12
1777.12
1777.12
1777.12
1777.12
1777.12
1777.12
1777.12
1777.12
1777.12
1777.12
1777.12
1777.12
1777.12
1777.12
1777.12
1777.12
1777.12
1777.12
1777.12
1777.12
1777.12
1777.12
1777.12
1777.12
1777.12
1777.12
1777.12
1777.12
1777.12
1777.12
1777.12
1777.12
1777.12
1777.12
1777.12
1777.12
1777.12
1777.12
1777.12
1777.12
1777.12
1803.91
1896.19
1896.19
1896.19
1896.19
1896.19
1896.19
1896.19
1896.19
1896.19
1896.19
1896.19
1899.16
1928.93
1940.84
1940.84
1940.84
1940.84
1940.84
1940.84
1940.52
1939.26
1939.26
1939.26
1939.26
1939.26
1939.26
1939.26
1939.26
1939.26
1939.26
1939.26
1939.26
1939.26
1939.26
1939.26
1942.28
1942.28
1942.28
1942.28
1942.28
1942.28
1942.28
1942.28
1942.28
1942.28
1954.36
1981.55
1981.55
1981.55
1981.55
1981.55
1981.55
1981.55
1981.55
1981.55
1981.55
1981.55
1981.55
1981.55
1981.55
1981.55
1981.55
1981.55
1981.55
1981.55
1981.55
1980.75
1994.6
2048
2048
2048
2048
2048
2048
2048
2048
2048
2048
2048
2048
2048
2048
2048
2048
2048
2048
2048
2048
2048
2048
2048
2048
2048
2048
2048
2048
2048
2048
2048
2048
2048
2048
2048
2048
2048
2048
2048
2048
2048
2048
2048
2048
2048
2048
2048
2048
2048
2048
2048
2048
2048
2048
2048
2048
2048
2048
2048
2048
2048
2048
2048
2048
2048
2048
2048
2048
2048
2048
2048
2048
2048
2048
2048
2048
2048
2048
2048
2048
2048
2048
2048
2048
2048
2048
2048
2048
2048
2048
2048
2048
2048
2048
2048
2048
2048
2048
2048
2048
2048
2048
2048
2048
2048
2048
2048
2048
2048
2048
2048
2048
2048
2048
2048
2048
2048
2048
2048
2048
2048
2048
2048
2048
2048
2048
2048
2048
2048
2048
2048
2048
2048
2048
2048
2048
2048
2048
2048
2048
2048
2048
2048
2048
2048
2048
2048
2048
2048
2048
2048
2048
2048
2048
2048
2048
2048
2048
2048
2048
2048
2048
2048
2048
2048
2048
2048
2048
2048
2048
2048
2048
2048
2048
2048
2048
2048
2048
2048
2048
2048
2048
2048
2048
2048
2048
2048
2048
2048
2048
2048
2048
2048
2048
2048
2048
2048
2048
2048
2048
2048
2048
2048
2048
2048
2048
2048
2048
2048
2048
2048
2048
2048
2048
2048
2048
2048
2048
2048
2048
2048
2048
2048
2048
2048
2048
2048
2048
2048
2048
2048
2048
2048
2048
2048
2048
2048
2048
2048
2048
2048
2048
2048
2048
2048
2048
2048
2048
2048
2048
2048
2048
2048
2048
2048
2048
2048
2048
2048
2048
2048
2048
2048
2048
2048
2048
2048
2048
2048
2048
2048
2048
2048
2048
2048
2048
2048
2048
2048
2048
2048
2048
2048
2048
2048
2048
2048
2048
2048
2048
2048
2048
2048
2048
2048
2048
2048
2048
2048
2048
2048
2048
2048
2048
2048
2048
2048
2048
2048
2048
2048
2048
2048
2048
2048
2048
2048
2048
2048
2048
2048
2048
2048
2048
2048
2048
2048
2048
2048
2048
2048
2048
2048
2048
2048
2048
2048
2048
2048
2048
2048
2048
2048
2048
2048
2048
2048
2048
2048
2048
2048
2048
2048
2048
2048
2048
2048
2048
2048
2048
2048
2048
2048
2048
2048
2048
2048
2048
2048
2048
2048
2048
2048
2048
2048
2048
2048
2048
2048
2048
2048
2048
2048
2048
2048
2048
2048
2048
2048
2048
2048
2048
2048
2048
2048
2048
2048
2048
2048
2048
2048
2048
2048
2048
2048
2048
2048
2048
2048
2048
2048
2048
2048
2048
2048
2048
2048
2048
2048
2048
2048
2048
2048
2048
2048
2048
2048
2048
2048
2048
2048
2048
2048
2048
2048
2048
2048
2048
2048
2048
2048
2048
2048
2048
2048
2048
2048
2048
2048
2048
2048
2048
2048
2048
2048
2048
2048
2048
2048
2048
2048
2048
2048
2048
2048
2048
2048
2048
2048
2048
2048
2048
2048
2048
2048
2048
2048
2048
2048
2048
2048
2048
2048
2048
2048
2048
2048
2048
2048
2048
2048
2048
2048
2048
2048
2048
2048
2048
2048
2048
2048
2048
2048
2048
2048
2048
2048
2048
2048
2048
2048
2048
2048
2048
2048
2048
2048
2048
2048
2048
2048
2048
2048
2048
2048
2048
2048
2048
2048
2048
2048
2048
2048
2048
2048
2048
2048
2048
2048
2048
2048
2048
2048
2048
2048
2048
2048
2048
2048
2048
2048
2048
2048
2048
2048
2048
2048
2048
2048
2048
2048
2048
2048
2048
2048
2048
2048
2048
2048
2048
2048
2048
2048
2048
2048
2048
2048
2048
2048
2048
2048
2048
2048
2048
2048
2048
2048
2048
2048
2048
2048
2048
2048
2048
2048
2048
2048
2048
2048
2048
2048
2048
2048
2048
2048
2048
2048
2048
2048
2048
2048
2048
2048
2048
2048
2048
2048
2048
2048
2048
2048
2048
2048
2048
2048
2048
2048
2048
2048
2048
2048
2048
2048
2048
2048
2048
2048
2048
2048
2048
2048
2048
2048
2048
2048
2048
2048
2048
2048
2048
2048
2048
2048
2048
2048
2048
2048
2048
2048
2048
2048
2048
2048
2048
2048
2048
2048
2048
2048
2048
2048
2048
2048
2048
2048
2048
2048
2048
2048
2048
2048
2048
2048
2048
2048
2048
2048
2048
2048
2048
2048
2048
2048
2048
2048
2048
2048
2048
2048
2048
2048
2048
2048
2048
2048
2048
2048
2048
2048
2048
2048
2048
2048
2048
2048
2048
2048
2048
2048
2048
2048
2048
2048
2048
2048
2048
2048
2048
2048
2048
2048
2048
2048
2048
2048
2048
2048
2048
2048
2048
2048
2048
2048
2048
2048
2048
2048
2048
2048
2048
2048
2048
2048
2048
2048
2048
2048
2048
2048
2048
2048
2048
2048
2048
2048
2048
2048
2048
2048
2048
2048
2048
2048
2048
2048
2048
2048
2048
2048
2048
2048
2048
2048
2048
2048
2048
2048
2048
2048
2048
2048
2048
2048
2048
2048
2048
2048
2048
2048
2048
2048
2048
2048
2048
2048
2048
2048
2048
2048
2048
2048
2048
2048
2048
2048
2048
2048
2048
2048
2048
2048
2048
2048
2048
2048
2048
2048
2048
2048
2048
2048
2048
2048
2048
2048
2048
2048
2048
2048
2048
2048
2048
2048
2048
2048
2048
2048
2048
2048
2048
2048
2048
2048
2048
2048
2048
2048
2048
2048
2048
2048
2048
2048
2048
2048
2048
2048
2048
2048
2048
2048
2048
2048
2048
2048
2048
2048
2048
2048
2048
2048
2048
2048
2048
2048
2048
2048
2048
2048
2048
2048
2048
2048
2048
2048
2048
2048
2048
2048
2048
2048
2048
2048
2048
2048
2048
2048
2048
2048
2048
2048
2048
2048
2048
2048
2048
2048
2048
2048
2048
2048
2048
2048
2048
2048
2048
2048
2048
2048
2048
2048
2048
2048
2048
2048
2048
2048
2048
2048
2048
2048
2048
2048
2048
2048
2048
2048
2048
2048
2048
2048
2048
2048
2048
2048
2048
2048
2048
2048
2048
2048
2048
2048
2048
2048
2048
2048
2048
2048
2048
2048
2048
2048
2048
2048
2048
2048
2048
2048
2048
2048
2048
2048
2048
2048
2048
2048
2048
2048
2048
2048
2048
2048
2048
2048
2048
2048
2048
2048
2048
2048
2048
2048
2048
2048
2048
2048
2048
2048
2048
2048
2048
2048
2048
2048
2048
2048
2048
2048
2048
2048
2048
2048
2048
2048
2048
2048
2048
2048
2048
2048
2048
2048
2048
2048
2048
2048
2048
2048
2048
2048
2048
2048
2048
2048
2048
2048
2048
2048
2048
2048
2048
2048
2048
2048
2048
2048
2048
2048
2048
2048
2048
2048
2048
2048
2048
2048
2048
2048
2048
2048
2048
2048
2048
2048
2048
2048
2048
2048
2048
2048
2048
2048
2048
2048
2048
---------------------------------
2.90572
3.77778
4.21549
4.93603
5.61616
6.81481
7.69697
8.24916
8.49158
9.16498
10.2424
12.0808
13.1448
13.8855
14.8956
15.5825
16.0673
16.5387
17.266
17.9933
18.5724
20
20.6061
21.7104
24.0539
27.3131
28.8215
30.6801
31.9192
32.1077
32.431
32.9428
33.2391
33.3737
33.5623
34.0471
34.101
34.2088
34.4242
34.6936
35.6633
37.2795
39.2189
40.4579
42.8822
43.8519
45.3064
48.3232
51.0707
54.7879
57.7508
58.6667
59.5825
61.3603
63.2997
64.3771
64.9158
65.6162
66.532
67.1246
67.2323
67.2323
67.2323
67.2323
67.3939
67.5017
67.5017
67.5017
69.0101
69.0101
69.1717
69.3333
70.1953
70.1953
71.3805
72.6734
74.1818
74.936
76.3367
76.5522
77.6296
78.1684
79.8923
83.771
86.8956
89.0505
91.4747
93.5219
96.3232
96.6465
98.3704
99.5556
100.31
102.572
107.421
113.993
116.687
118.088
119.165
121.535
126.815
127.246
127.461
128.754
129.508
129.832
129.832
129.939
130.801
131.34
131.34
131.879
131.879
132.525
133.71
134.788
134.788
134.788
134.788
134.788
134.788
134.788
134.788
134.896
135.434
136.404
136.404
136.404
136.62
136.62
136.62
136.62
136.835
136.835
136.835
136.835
136.835
137.266
137.266
137.481
144.162
149.333
149.549
153.428
153.428
153.859
154.074
155.798
157.306
158.815
159.677
160.754
160.754
160.754
161.832
162.478
163.771
164.633
165.064
165.926
167.434
167.65
170.451
171.098
171.098
171.529
172.606
175.192
178.64
181.441
182.734
183.811
187.044
188.768
193.293
198.68
200.62
202.128
202.99
203.852
205.145
206.222
209.67
214.195
218.505
222.815
225.832
226.263
227.125
232.512
235.744
252.552
258.155
262.465
265.481
265.697
267.205
267.205
267.421
268.498
268.498
268.498
268.498
268.498
268.929
269.145
269.145
269.145
269.145
269.145
269.145
269.145
269.145
269.145
269.145
269.145
269.145
269.145
269.145
269.145
269.576
269.576
269.576
269.576
269.576
269.576
269.576
269.576
269.576
269.576
269.576
272.808
272.808
272.808
272.808
272.808
272.808
272.808
272.808
272.808
272.808
273.67
273.67
273.67
273.67
273.67
273.67
273.67
273.67
273.67
273.67
273.67
273.67
273.67
273.67
273.67
273.67
273.67
273.67
273.67
273.67
273.67
273.67
273.67
273.67
273.67
273.67
274.532
274.532
282.29
282.29
282.29
282.29
282.29
284.013
284.013
284.013
284.013
284.013
284.875
285.306
286.168
286.599
287.03
288.323
288.323
288.754
288.754
288.754
288.754
289.616
290.047
290.047
290.047
290.909
293.064
294.788
301.684
310.734
328.404
342.626
346.936
355.987
355.987
360.296
367.192
372.364
374.519
380.552
380.552
380.983
380.983
380.983
382.707
388.741
389.603
396.067
397.791
399.084
399.084
399.084
400.377
400.377
400.377
400.377
401.239
401.239
401.239
402.101
407.273
431.407
438.734
453.387
453.387
453.387
459.421
468.04
474.936
478.815
478.815
479.246
480.539
480.97
484.418
499.502
512.431
513.293
515.879
516.741
518.896
519.758
519.758
519.758
520.62
520.62
520.62
520.62
520.62
523.636
527.946
529.67
540.013
540.013
540.013
542.599
542.599
542.599
542.599
542.599
543.03
543.03
543.03
543.03
543.03
543.03
543.03
543.03
543.03
543.03
543.03
543.03
543.03
543.03
544.754
544.754
544.754
544.754
544.754
544.754
544.754
544.754
544.754
544.754
544.754
544.754
544.754
544.754
544.754
544.754
544.754
544.754
544.754
544.754
544.754
544.754
544.754
544.754
544.754
544.754
547.34
547.34
547.34
547.34
547.34
547.34
547.34
547.34
547.34
547.34
547.34
547.34
547.34
547.34
547.34
547.34
547.34
547.34
547.34
547.34
547.34
547.34
547.34
547.34
547.34
547.34
547.34
547.34
547.34
547.34
547.34
547.34
547.34
547.34
547.34
547.34
547.34
547.34
547.34
547.34
547.34
547.34
547.34
547.34
547.34
547.34
547.34
547.34
547.34
547.34
547.34
547.34
547.34
547.34
547.34
547.34
547.34
547.34
547.34
547.34
547.34
547.34
547.34
547.34
547.34
547.34
547.34
547.34
547.34
547.34
547.34
547.34
547.34
547.34
547.34
547.34
547.34
547.34
547.34
547.34
547.34
547.34
547.34
547.34
547.34
547.34
547.34
547.34
547.34
547.34
547.34
547.34
547.34
547.34
547.34
547.34
547.34
547.34
547.34
547.34
547.34
547.34
547.34
547.34
547.34
547.34
547.34
547.34
547.34
547.34
549.064
550.788
550.788
554.236
569.751
569.751
569.751
569.751
569.751
569.751
569.751
569.751
569.751
569.751
569.751
569.751
571.475
573.199
574.923
574.923
574.923
574.923
576.646
576.646
576.646
578.37
578.37
579.232
579.232
580.094
580.094
580.094
580.094
591.3
616.296
621.468
629.226
632.673
636.121
653.36
653.36
653.36
653.36
655.084
655.084
655.084
655.084
655.084
655.084
655.946
655.946
657.67
657.67
659.394
659.394
659.394
659.394
666.29
666.29
666.29
666.29
666.29
666.29
666.29
673.185
701.63
756.795
809.374
811.96
816.269
831.785
870.572
895.569
901.603
908.498
908.498
908.498
908.498
908.498
908.498
908.498
908.498
908.498
908.498
908.498
908.498
913.67
913.67
913.67
913.67
913.67
913.67
913.67
913.67
913.67
914.532
923.152
923.152
925.737
925.737
926.599
926.599
926.599
926.599
926.599
926.599
926.599
926.599
926.599
926.599
926.599
926.599
926.599
926.599
926.599
926.599
926.599
926.599
926.599
926.599
926.599
926.599
926.599
926.599
926.599
926.599
926.599
926.599
930.047
934.357
937.805
940.391
940.391
944.7
944.7
945.562
957.63
957.63
967.973
970.559
975.731
975.731
975.731
975.731
975.731
977.455
977.455
977.455
977.455
977.455
977.455
977.455
977.455
981.764
993.832
997.279
997.279
997.279
997.279
997.279
997.279
997.279
997.279
997.279
997.279
997.279
997.279
1020.55
1021.41
1021.41
1021.41
1021.41
1021.41
1021.41
1021.41
1021.41
1021.41
1021.41
1023.14
1023.14
1023.14
1023.14
1023.14
1023.14
1023.14
1023.14
1023.14
1023.14
1023.14
1023.14
1023.14
1023.14
1019.68
1019.68
1019.68
1019.68
1019.68
1019.68
1021.41
1030.05
1030.05
1030.05
1030.05
1028.33
1028.33
1028.33
1028.33
1028.33
1028.33
1028.33
1028.33
1028.33
1028.33
1028.33
1028.33
1028.33
1028.33
1028.33
1028.33
1028.33
1028.33
1028.33
1028.33
1026.6
1026.6
1026.6
1028.34
1038.75
1084.75
1084.75
1084.75
1088.22
1088.22
1088.22
1088.22
1088.22
1088.22
1088.22
1088.22
1088.22
1088.22
1088.22
1088.22
1088.22
1088.22
1088.22
1088.22
1088.22
1088.22
1088.22
1088.22
1088.22
1088.22
1088.22
1088.22
1088.22
1088.22
1088.22
1086.59
1086.59
1086.59
1086.59
1086.59
1086.59
1086.59
1086.59
1086.59
1086.59
1086.59
1086.59
1086.59
1086.59
1086.59
1086.59
1086.59
1086.59
1086.59
1086.59
1086.59
1086.59
1086.59
1086.59
1086.59
1086.59
1086.59
1086.59
1086.59
1086.59
1086.59
1086.59
1086.59
1086.59
1086.59
1086.59
1086.59
1086.59
1083.31
1083.31
1083.31
1083.31
1083.31
1083.31
1083.31
1083.31
1083.31
1083.31
1083.31
1083.31
1083.31
1083.31
1083.31
1083.31
1083.31
1083.31
1083.31
1083.31
1083.31
1083.31
1083.31
1083.31
1083.31
1083.31
1083.31
1083.31
1083.31
1083.31
1083.31
1083.31
1083.31
1083.31
1083.31
1083.31
1083.31
1083.31
1083.31
1083.31
1083.31
1083.31
1083.31
1083.31
1083.31
1081.67
1081.67
1081.67
1081.67
1081.67
1081.67
1081.67
1081.67
1081.67
1081.67
1081.67
1081.67
1081.67
1081.67
1081.67
1081.67
1081.67
1081.67
1081.67
1081.67
1081.67
1081.67
1081.67
1081.67
1081.67
1081.67
1081.67
1081.67
1081.67
1081.67
1081.67
1081.67
1081.67
1081.67
1081.67
1081.67
1081.67
1081.67
1081.67
1081.67
1078.36
1078.36
1078.36
1078.36
1078.36
1078.36
1078.36
1078.36
1078.36
1078.36
1078.36
1078.36
1076.69
1076.69
1076.69
1076.69
1076.69
1076.69
1076.69
1075.02
1075.02
1075.02
1075.02
1075.02
1075.02
1075.02
1075.02
1071.67
1071.67
1071.67
1071.67
1071.67
1071.67
1071.67
1071.67
1069.98
1069.98
1069.98
1069.98
1069.98
1069.98
1069.98
1069.98
1069.98
1069.98
1069.98
1069.98
1069.98
1069.98
1069.98
1069.98
1069.98
1069.98
1069.98
1069.98
1069.98
1069.98
1069.98
1069.98
1069.98
1069.98
1069.98
1068.29
1068.29
1068.29
1068.29
1068.29
1068.29
1068.29
1068.29
1068.29
1068.29
1068.29
1068.29
1068.29
1068.29
1068.29
1068.29
1068.29
1068.29
1063.18
1063.18
1063.18
1063.18
1063.18
1063.18
1063.18
1063.18
1063.18
1063.18
1063.18
1063.18
1063.18
1063.18
1063.18
1063.18
1063.18
1063.18
1063.18
1063.18
1063.18
1063.18
1063.18
1063.18
1063.18
1063.18
1063.18
1063.18
1063.18
1063.18
1063.18
1061.46
1061.46
1061.46
1059.74
1059.74
1059.74
1059.74
1059.74
1059.74
1059.74
1059.74
1059.74
1059.74
1059.74
1059.74
1059.74
1059.74
1059.74
1059.74
1059.74
1068.68
1093.7
1093.7
1093.7
1093.7
1090.35
1090.35
1090.35
1090.35
1090.35
1092.15
1093.94
1093.94
1093.94
1093.94
1093.94
1093.94
1095.73
1113.67
1113.67
1113.67
1113.67
1113.67
1113.67
1113.67
1113.67
1113.67
1113.67
1113.67
1112.03
1112.03
1112.03
1112.03
1112.03
1112.03
1112.03
1112.03
1112.03
1112.03
1117.42
1140.77
1140.77
1140.77
1192.87
1192.87
1192.87
1196.46
1195.87
1195.87
1182.1
1182.1
1182.1
1182.1
1182.1
1182.1
1185.78
1187.62
1187.62
1187.62
1187.62
1187.62
1187.62
1187.62
1187.62
1187.62
1191.3
1211.52
1266.67
1268.51
1274.03
1271.24
1271.24
1271.24
1271.24
1274.93
1280.46
1286
1361.64
1361.64
1361.64
1361.64
1361.64
1361.64
1361.64
1361.64
1361.64
1361.64
1361.64
1361.64
1361.64
1365.33
1372.71
1404.08
1404.08
1404.08
1404.08
1404.08
1404.08
1404.08
1404.08
1404.08
1405.92
1424.37
1424.37
1424.37
1424.37
1424.37
1424.37
1424.37
1424.37
1424.37
1424.37
1424.37
1424.37
1424.37
1424.37
1426.22
1426.22
1426.22
1426.22
1426.22
1426.22
1426.22
1431.75
1431.75
1431.75
1431.75
1431.75
1431.75
1435.45
1457.59
1514.78
1568.29
1636.55
1636.55
1636.55
1636.55
1636.55
1638.4
1638.4
1642.09
1658.7
1658.7
1658.7
1658.7
1658.7
1662.39
1666.08
1666.08
1666.08
1666.08
1667.92
1671.61
1671.61
1671.61
1671.61
1671.61
1671.61
1671.61
1671.61
1671.61
1671.61
1671.61
1678.99
1678.99
1678.99
1678.99
1678.99
1678.99
1678.99
1678.99
1678.99
1678.99
1678.99
1678.99
1678.99
1678.99
1678.99
1678.99
1678.99
1678.99
1678.99
1678.99
1678.99
1678.99
1678.99
1678.99
1678.99
1693.75
1693.75
1693.75
1693.75
1693.75
1693.75
1693.75
1693.75
1693.75
1693.75
1693.75
1693.75
1693.75
1693.75
1693.75
1693.75
1693.75
1693.75
1693.75
1693.75
1693.75
1693.75
1693.75
1693.75
1693.75
1693.75
1693.75
1693.75
1693.75
1693.75
1693.75
1693.75
1693.75
1695.6
1695.6
1695.6
1695.6
1695.6
1695.6
1695.6
1695.6
1695.6
1695.6
1695.6
1695.6
1695.6
1695.6
1695.6
1695.6
1695.6
1695.6
1695.6
1695.6
1695.6
1695.6
1695.6
1695.6
1695.6
1695.6
1695.6
1695.6
1695.6
1695.6
1695.6
1695.6
1695.6
1695.6
1695.6
1695.6
1695.6
1695.6
1695.6
1695.6
1695.6
1695.6
1695.6
1695.6
1695.6
1715.89
1765.71
1863.5
1863.5
1863.5
1863.5
1863.5
1887.48
1955.75
1955.75
1985.27
1985.27
1985.27
1985.27
1985.27
1985.16
1985.16
1985.16
1985.16
1985.16
1985.16
1985.16
1985.16
1985.16
1985.16
1985.16
1985.16
1985.16
1985.16
1985.16
1985.16
1985.16
1985.16
1985.16
1985.16
1985.16
1985.16
1985.16
1985.16
1985.16
1988.85
2009.18
2009.18
2009.18
2009.18
2009.18
2009.18
2009.18
2009.18
2009.18
2009.18
2009.18
2009.18
2009.11
2009.11
2009.11
2009.11
2009.11
2009.11
2009.11
2009.11
2009.11
2009.11
2009.11
2009.11
2012.82
2012.82
2012.82
2012.82
2012.82
2012.82
2012.82
2012.82
2012.82
2012.82
2012.82
2012.69
2012.69
2012.69
2012.69
2012.69
2012.69
2012.69
2012.69
2012.69
2012.69
2012.69
2012.69
2012.69
2012.69
2012.17
2012.17
2012.17
2012.17
2012.17
2012.17
2012.17
2012.17
2012.17
2012.17
2012.17
2012.17
2012.17
2012.17
2012.17
2012.17
2012.17
2012.17
2012.17
2012.1
2012.1
2012.1
2012.1
2012.1
2012.1
2012.1
2012.1
2012.1
2012.1
2012.1
2012.1
2012.1
2012.1
2012.1
2012.1
2012.1
2012.1
2012.1
2012.1
2012.1
2012.1
2012.1
2012.1
2012.1
2012.1
2012.1
2012.1
2012.1
2012.1
2012.1
2012.1
2012.1
2012.1
2012.1
2012.1
2012.1
2012.1
2012.1
2012.1
2012.1
2012.1
2012.1
2012.1
2012.1
2012.1
2012.1
2012.1
2012.1
2012.1
2012.1
2012.1
2012.1
2012.1
2012.1
2012.1
2012.1
2012.1
2012.1
2012.1
2012.1
2012.1
2012.1
2012.1
2012.1
2012.1
2012.1
2012.1
2012.1
2012.1
2012.1
2012.1
2012.1
2012.1
2012.1
2012.1
2012.1
2012.1
2012.1
2012.1
2012.1
2012.1
2012.1
2012.1
2012.1
2012.1
2012.1
2012.1
2012.1
2012.1
2012.1
2012.1
2012.1
2012.1
2012.1
2012.1
2012.1
2012.1
2012.1
2012.1
2012.1
2012.1
2012.1
2012.1
2012.1
2012.1
2012.1
2012.1
2012.1
2012.1
2012.1
2012.1
2012.1
2012.1
2012.1
2012.1
2012.1
2012.1
2012.1
2012.1
2012.1
2012.1
2012.1
2012.1
2012.1
2012.1
2012.1
2012.1
2012.1
2012.1
2012.1
2012.1
2012.1
2012.1
2012.1
2012.1
2012.1
2012.1
2012.1
2012.1
2012.1
2012.1
2012.1
2012.1
2012.1
2012.1
2012.1
2012.1
2012.1
2012.1
2012.1
2012.1
2012.1
2011.84
2011.84
2011.84
2011.84
2019.45
2048
2048
2048
2048
2048
2048
2048
2048
2048
2048
2048
2048
2048
2048
2048
2048
2048
2048
2048
2048
2048
2048
2048
2048
2048
2048
2048
2048
2048
2048
2048
2048
2048
2048
2048
2048
2048
2048
2048
2048
2048
2048
2048
2048
2048
2048
2048
2048
2048
2048
2048
2048
2048
2048
2048
2048
2048
2048
2048
2048
2048
2048
2048
2048
2048
2048
2048
2048
2048
2048
2048
2048
2048
2048
2048
2048
2048
2048
2048
2048
2048
2048
2048
2048
2048
2048
2048
2048
2048
2048
2048
2048
2048
2048
2048
2048
2048
2048
2048
2048
2048
2048
2048
2048
2048
2048
2048
2048
2048
2048
2048
2048
2048
2048
2048
2048
2048
2048
2048
2048
2048
2048
2048
2048
2048
2048
2048
2048
2048
2048
2048
2048
2048
2048
2048
2048
2048
2048
2048
2048
2048
2048
2048
2048
2048
2048
2048
2048
2048
2048
2048
2048
2048
2048
2048
2048
2048
2048
2048
2048
2048
2048
2048
2048
2048
2048
2048
2048
2048
2048
2048
2048
2048
2048
2048
2048
2048
2048
2048
2048
2048
2048
2048
2048
2048
2048
2048
2048
2048
2048
2048
2048
2048
2048
2048
2048
2048
2048
2048
2048
2048
2048
2048
2048
2048
2048
2048
2048
2048
2048
2048
2048
2048
2048
2048
2048
2048
2048
2048
2048
2048
2048
2048
2048
2048
2048
2048
2048
2048
2048
2048
2048
2048
2048
2048
2048
2048
2048
2048
2048
2048
2048
2048
2048
2048
2048
2048
2048
2048
2048
2048
2048
2048
2048
2048
2048
2048
2048
2048
2048
2048
2048
2048
2048
2048
2048
2048
2048
2048
2048
2048
2048
2048
2048
2048
2048
2048
2048
2048
2048
2048
2048
2048
2048
2048
2048
2048
2048
2048
2048
2048
2048
2048
2048
2048
2048
2048
2048
2048
2048
2048
2048
2048
2048
2048
2048
2048
2048
2048
2048
2048
2048
2048
2048
2048
2048
2048
2048
2048
2048
2048
2048
2048
2048
2048
2048
2048
2048
2048
2048
2048
2048
2048
2048
2048
2048
2048
2048
2048
2048
2048
2048
2048
2048
2048
2048
2048
2048
2048
2048
2048
2048
2048
2048
2048
2048
2048
2048
2048
2048
2048
2048
2048
2048
2048
2048
2048
2048
2048
2048
2048
2048
2048
2048
2048
2048
2048
2048
2048
2048
2048
2048
2048
2048
2048
2048
2048
2048
2048
2048
2048
2048
2048
2048
2048
2048
2048
2048
2048
2048
2048
2048
2048
2048
2048
2048
2048
2048
2048
2048
2048
2048
2048
2048
2048
2048
2048
2048
2048
2048
2048
2048
2048
2048
2048
2048
2048
2048
2048
2048
2048
2048
2048
2048
2048
2048
2048
2048
2048
2048
2048
2048
2048
2048
2048
2048
2048
2048
2048
2048
2048
2048
2048
2048
2048
2048
2048
2048
2048
2048
2048
2048
2048
2048
2048
2048
2048
2048
2048
2048
2048
2048
2048
2048
2048
2048
2048
2048
2048
2048
2048
2048
2048
2048
2048
2048
2048
2048
2048
2048
2048
2048
2048
2048
2048
2048
2048
2048
2048
2048
2048
2048
2048
2048
2048
2048
2048
2048
2048
2048
2048
2048
2048
2048
2048
2048
2048
2048
2048
2048
2048
2048
2048
2048
2048
2048
2048
2048
2048
2048
2048
2048
2048
2048
2048
2048
2048
2048
2048
2048
2048
2048
2048
2048
2048
2048
2048
2048
2048
2048
2048
2048
2048
2048
2048
2048
2048
2048
2048
2048
2048
2048
2048
2048
2048
2048
2048
2048
2048
2048
2048
2048
2048
2048
2048
2048
2048
2048
2048
2048
2048
2048
2048
2048
2048
2048
2048
2048
2048
2048
2048
2048
2048
2048
2048
2048
2048
2048
2048
2048
2048
2048
2048
2048
2048
2048
2048
2048
2048
2048
2048
2048
2048
2048
2048
2048
2048
2048
2048
2048
2048
2048
2048
2048
2048
2048
2048
2048
2048
2048
2048
2048
2048
2048
2048
2048
2048
2048
2048
2048
2048
2048
2048
2048
2048
2048
2048
2048
2048
2048
2048
2048
2048
2048
2048
2048
2048
2048
2048
2048
2048
2048
2048
2048
2048
2048
2048
2048
2048
2048
2048
2048
2048
2048
2048
2048
2048
2048
2048
2048
2048
2048
2048
2048
2048
2048
2048
2048
2048
2048
2048
2048
2048
2048
2048
2048
2048
2048
2048
2048
2048
2048
2048
2048
2048
2048
2048
2048
2048
2048
2048
2048
2048
2048
2048
2048
2048
2048
2048
2048
2048
2048
2048
2048
2048
2048
2048
2048
2048
2048
2048
2048
2048
2048
2048
2048
2048
2048
2048
2048
2048
2048
2048
2048
2048
2048
2048
2048
2048
2048
2048
2048
2048
2048
2048
2048
2048
2048
2048
2048
2048
2048
2048
2048
2048
2048
2048
2048
2048
2048
2048
2048
2048
2048
2048
2048
2048
2048
2048
2048
2048
2048
2048
2048
2048
2048
2048
2048
2048
2048
2048
2048
2048
2048
2048
2048
2048
2048
2048
2048
2048
2048
2048
2048
2048
2048
2048
2048
2048
2048
2048
2048
2048
2048
2048
2048
2048
2048
2048
2048
2048
2048
2048
2048
2048
2048
2048
2048
2048
2048
2048
2048
2048
2048
2048
2048
2048
2048
2048
2048
2048
2048
2048
2048
2048
2048
2048
2048
2048
2048
2048
2048
2048
2048
2048
2048
2048
2048
2048
2048
2048
2048
2048
2048
2048
2048
2048
2048
2048
2048
2048
2048
2048
2048
2048
2048
2048
2048
2048
2048
2048
2048
2048
2048
2048
2048
2048
2048
2048
2048
2048
2048
2048
2048
2048
2048
2048
2048
2048
2048
2048
2048
2048
2048
2048
2048
2048
2048
2048
2048
2048
2048
2048
2048
2048
2048
2048
2048
2048
2048
2048
2048
2048
2048
2048
2048
2048
2048
2048
2048
2048
2048
2048
2048
2048
2048
2048
2048
2048
2048
2048
2048
2048
2048
2048
2048
2048
2048
2048
2048
2048
2048
2048
2048
2048
2048
2048
2048
2048
2048
2048
2048
2048
2048
2048
2048
2048
2048
2048
2048
2048
2048
2048
2048
2048
2048
2048
2048
2048
2048
2048
2048
2048
2048
2048
2048
2048
2048
2048
2048
2048
2048
2048
2048
2048
2048
2048
2048
2048
2048
2048
2048
2048
2048
2048
2048
2048
2048
2048
2048
2048
2048
2048
2048
2048
2048
2048
2048
2048
2048
2048
2048
2048
2048
2048
2048
2048
2048
2048
2048
2048
2048
2048
2048
2048
2048
2048
2048
2048
2048
2048
2048
2048
2048
2048
2048
2048
2048
2048
2048
2048
2048
2048
2048
2048
2048
2048
2048
2048
2048
2048
2048
2048
2048
2048
2048
2048
2048
2048
2048
2048
2048
2048
2048
2048
2048
2048
2048
2048
2048
2048
2048
2048
2048
2048
2048
2048
2048
2048
2048
2048
2048
2048
2048
2048
2048
2048
2048
2048
2048
2048
2048
2048
2048
2048
2048
2048
2048
2048
2048
2048
2048
2048
2048
2048
2048
2048
2048
2048
---------------------------------
2.89967
3.55184
4.26756
4.90301
5.73913
7.08361
7.61873
8.13378
8.33445
9.08361
10.0468
11.0769
11.8528
13.3378
14.3144
14.9164
15.5318
16.1605
16.495
17.1237
17.6856
18.7692
20.6689
22.301
24.3344
26.0468
27.5585
30.0468
31.0903
31.786
31.9197
32.3478
33.0167
33.1505
33.2308
33.3378
33.6856
36.0134
38.0468
38.3144
38.689
40.2943
43.1304
45.3244
46.5017
48.0535
49.7124
51.7993
53.9398
56.8294
59.291
60.7893
62.9298
63.6789
65.1773
65.3913
65.6589
65.6589
65.8729
66.3545
66.6221
66.6756
66.6756
66.8361
66.9967
67.3177
67.3177
67.3177
67.3177
67.3177
67.3177
67.7458
67.7458
67.7458
69.2441
70.3679
73.6856
75.612
80.3211
82.0334
83.1037
84.1739
86.2074
87.2776
88.7759
91.4515
92.3077
93.592
95.893
98.1405
101.351
101.886
105.632
108.522
109.164
111.197
113.124
119.545
122.649
124.361
126.181
126.502
126.609
126.823
128.321
129.819
131.318
131.746
131.96
131.96
131.96
131.96
132.067
132.067
132.602
133.458
133.458
133.458
133.458
133.458
133.458
133.565
133.886
133.886
133.886
133.886
133.993
133.993
133.993
133.993
134.1
134.1
134.207
134.849
134.849
134.849
135.064
135.064
135.064
136.776
137.632
142.341
142.341
142.341
142.555
142.555
143.197
143.625
144.696
146.194
146.622
147.906
149.405
153.258
159.679
160.749
165.244
166.1
166.528
167.599
168.669
170.809
170.809
170.809
171.452
171.666
173.378
176.589
180.013
181.726
186.435
200.348
202.488
205.485
209.98
219.826
220.468
221.753
223.465
226.247
228.602
228.602
229.458
230.1
231.385
233.097
235.237
241.445
242.301
244.227
246.368
246.582
249.579
256.856
257.498
258.997
258.997
258.997
258.997
258.997
259.639
262.849
262.849
263.064
263.064
263.706
263.706
263.706
263.706
263.706
263.706
263.706
263.706
263.706
263.706
263.706
263.706
263.92
263.92
263.92
263.92
264.776
264.776
264.99
265.204
265.204
265.204
265.204
265.204
265.204
265.204
265.204
266.06
266.06
266.06
266.06
266.06
266.06
266.06
266.06
266.702
269.057
269.057
269.057
269.057
269.057
269.057
269.057
269.057
269.057
269.057
269.057
269.057
269.057
269.057
269.057
269.057
269.057
269.057
269.057
269.057
269.057
269.057
269.057
269.699
269.699
269.699
269.699
273.124
277.833
290.247
290.247
291.104
291.104
291.104
291.104
293.244
293.244
293.672
295.385
296.669
298.381
299.237
299.666
300.094
300.522
302.662
315.505
317.645
317.645
318.074
319.358
319.358
319.358
319.358
319.358
323.211
338.194
347.184
357.03
366.876
368.161
373.726
378.007
392.99
403.692
413.11
413.538
416.535
416.535
419.96
420.388
421.672
422.528
427.666
431.518
437.94
438.796
443.077
448.642
448.642
448.642
448.642
448.642
449.498
449.926
449.926
449.926
450.355
450.783
451.639
452.495
453.351
455.492
458.06
463.625
479.465
482.89
482.89
483.318
483.318
483.318
484.174
486.742
486.742
488.455
494.448
500.87
503.438
506.435
506.435
508.147
509.86
509.86
509.86
509.86
514.569
516.281
519.278
519.706
519.706
521.846
522.274
523.13
523.13
523.13
523.13
523.987
523.987
523.987
523.987
524.843
526.127
526.555
526.983
527.839
529.124
535.117
536.401
536.401
538.114
538.114
538.114
538.114
538.114
538.114
538.114
538.114
538.114
538.114
538.114
538.114
538.114
538.114
538.114
538.114
538.114
538.114
538.114
538.114
538.114
538.542
538.542
538.542
538.542
538.542
538.542
538.542
538.542
538.542
538.542
538.542
538.542
538.542
538.542
538.542
538.542
538.542
538.542
538.542
538.542
538.542
538.542
538.542
538.542
538.542
538.542
538.542
538.542
538.542
538.542
538.542
538.542
538.542
538.542
538.542
538.542
538.542
538.542
538.542
538.542
538.542
538.542
538.542
538.542
538.542
538.542
538.542
538.542
538.542
538.542
538.542
538.542
538.542
538.542
538.542
538.542
538.542
538.542
538.542
538.542
538.542
538.542
538.542
538.542
538.542
538.542
538.542
538.542
538.542
538.542
538.542
538.542
538.542
538.542
538.542
538.542
538.542
538.542
538.542
538.542
538.97
539.398
539.398
539.398
539.398
539.398
539.398
539.398
539.398
539.398
539.398
539.398
539.398
539.398
539.398
539.398
539.398
539.398
539.398
539.398
539.398
539.398
539.398
539.398
539.398
539.398
539.398
539.398
539.398
539.398
539.398
539.398
539.398
539.398
539.398
539.398
539.398
539.398
539.398
539.398
539.398
539.398
543.679
547.96
547.96
553.953
553.953
553.953
553.953
553.953
553.953
553.953
553.953
555.666
555.666
555.666
555.666
557.378
564.227
564.227
564.227
564.227
564.227
564.227
564.227
565.94
565.94
575.358
588.201
588.201
588.201
600.187
603.612
607.893
607.893
607.893
607.893
609.605
610.462
623.304
647.278
650.702
651.559
653.271
653.271
653.271
654.127
660.12
668.682
668.682
668.682
668.682
668.682
668.682
668.682
668.682
668.682
668.682
668.682
668.682
668.682
668.682
672.107
676.388
681.525
683.237
702.93
720.054
738.89
772.281
774.849
785.124
818.515
818.515
818.515
821.084
821.084
823.652
823.652
827.077
839.064
839.064
839.92
845.913
862.181
862.181
862.181
866.462
866.462
866.462
866.462
866.462
866.462
866.462
866.462
869.03
871.599
871.599
871.599
871.599
873.311
876.736
881.017
881.017
881.017
881.017
881.017
881.017
881.017
881.017
885.298
885.298
887.866
900.709
901.565
901.565
901.565
901.565
901.565
901.565
901.565
901.565
901.565
901.565
901.565
901.565
901.565
901.565
901.565
901.565
901.565
904.134
907.559
907.559
910.983
910.983
910.983
910.983
914.408
923.826
928.107
928.107
928.107
928.107
931.532
931.532
931.532
932.388
934.1
944.375
944.375
944.375
945.231
946.943
946.943
946.943
946.943
946.943
946.943
946.943
953.793
953.793
953.793
953.793
953.793
953.793
953.793
954.649
961.498
969.204
969.204
969.204
969.204
969.204
969.204
970.916
981.191
981.191
981.191
981.191
981.191
977.611
977.611
977.611
977.611
977.611
977.611
977.611
977.611
977.611
977.611
977.611
977.611
977.611
978.47
992.215
992.215
992.215
993.074
993.074
993.074
993.074
993.074
993.074
993.074
993.074
993.074
993.074
993.074
993.074
993.074
993.074
993.074
993.074
993.933
994.792
994.792
994.792
1000.81
1024.86
1024.86
1024.86
1024.86
1024.86
1024.86
1024.86
1024.86
1024.86
1024.86
1024.86
1024.86
1024.86
1024.86
1024.86
1024.86
1024.86
1024.86
1024.86
1024.86
1024.86
1024.86
1024.86
1024.86
1024.86
1024.86
1024.86
1025.72
1056.64
1056.64
1056.64
1056.64
1056.64
1056.64
1056.64
1056.64
1056.64
1056.64
1056.64
1056.64
1056.64
1056.64
1056.64
1056.64
1056.64
1056.64
1056.64
1056.64
1056.64
1056.64
1053.31
1053.31
1053.31
1053.31
1053.31
1053.31
1051.63
1051.63
1051.63
1051.63
1051.63
1051.63
1049.95
1049.95
1049.95
1049.95
1049.95
1049.95
1049.95
1049.95
1049.95
1049.95
1049.95
1049.95
1049.95
1049.95
1049.95
1044.86
1044.86
1044.86
1044.86
1044.86
1044.86
1044.86
1044.86
1044.86
1044.86
1044.86
1044.86
1044.86
1044.86
1044.86
1044.86
1044.86
1044.86
1044.86
1044.86
1044.86
1044.86
1044.86
1044.86
1050.08
1060.51
1060.51
1060.51
1060.51
1060.51
1060.51
1060.51
1060.51
1060.51
1060.51
1060.51
1060.51
1060.51
1060.51
1060.51
1060.51
1060.51
1060.51
1060.51
1060.51
1058.83
1058.83
1058.83
1058.83
1055.45
1055.45
1055.45
1055.45
1055.45
1055.45
1055.45
1055.45
1055.45
1055.45
1055.45
1055.45
1055.45
1055.45
1055.45
1055.45
1055.45
1055.45
1055.45
1050.35
1050.35
1050.35
1050.35
1050.35
1050.35
1050.35
1048.63
1048.63
1048.63
1048.63
1048.63
1048.63
1048.63
1048.63
1048.63
1052.15
1052.15
1052.15
1052.15
1052.15
1052.15
1052.15
1052.15
1052.15
1052.15
1052.15
1052.15
1052.15
1052.15
1052.15
1052.15
1052.15
1052.15
1052.15
1052.15
1052.15
1052.15
1052.15
1052.15
1052.15
1052.15
1052.15
1052.15
1052.15
1052.15
1052.15
1052.15
1052.15
1052.15
1052.15
1052.15
1052.15
1048.72
1048.72
1048.72
1048.72
1045.26
1045.26
1045.26
1045.26
1045.26
1045.26
1045.26
1045.26
1045.26
1045.26
1045.26
1045.26
1045.26
1045.26
1045.26
1045.26
1045.26
1045.26
1045.26
1045.26
1045.26
1045.26
1045.26
1045.26
1045.26
1045.26
1045.26
1045.26
1045.26
1045.26
1043.52
1043.52
1043.52
1043.52
1043.52
1043.52
1043.52
1043.52
1043.52
1043.52
1043.52
1043.52
1043.52
1043.52
1043.52
1043.52
1043.52
1043.52
1043.52
1043.52
1043.52
1043.52
1043.52
1043.52
1043.52
1043.52
1043.52
1043.52
1043.52
1043.52
1043.52
1043.52
1043.52
1043.52
1043.52
1043.52
1043.52
1043.52
1043.52
1043.52
1043.52
1043.52
1043.52
1043.52
1043.52
1043.52
1043.52
1043.52
1043.52
1040.03
1040.03
1040.03
1040.03
1040.03
1040.03
1040.03
1040.03
1040.03
1040.03
1040.03
1040.03
1040.03
1040.03
1040.03
1032.97
1032.97
1032.97
1032.97
1032.97
1032.97
1032.97
1032.97
1032.97
1032.97
1032.97
1032.97
1032.97
1032.97
1032.97
1032.97
1032.97
1032.97
1036.55
1058.07
1058.07
1058.07
1058.07
1058.07
1058.07
1058.07
1058.07
1058.07
1058.07
1058.07
1063.45
1084.97
1084.97
1084.97
1093.94
1102.91
1102.91
1102.91
1120.84
1181.81
1181.81
1181.81
1181.81
1181.81
1181.81
1181.81
1181.81
1181.81
1181.81
1181.81
1190.78
1201.54
1201.54
1201.54
1197.07
1197.07
1197.07
1197.07
1197.07
1197.07
1197.07
1198.87
1198.87
1198.87
1209.69
1285.41
1285.41
1285.41
1285.41
1294.42
1298.03
1321.46
1321.46
1330.48
1373.75
1375.55
1375.55
1379.15
1403.26
1403.26
1403.26
1405.07
1414.1
1414.1
1415.9
1446.6
1508.01
1508.01
1509.81
1513.43
1547.74
1547.74
1547.74
1547.74
1547.74
1547.74
1547.74
1547.74
1547.74
1547.74
1547.74
1547.74
1547.74
1547.74
1547.74
1547.74
1547.74
1547.74
1547.74
1547.74
1547.74
1546.86
1546.86
1546.86
1546.86
1546.86
1546.86
1546.86
1546.86
1546.86
1546.86
1546.86
1546.86
1546.86
1559.52
1601.13
1601.13
1608.37
1633.7
1633.7
1633.7
1633.7
1635.51
1640.93
1668.07
1668.07
1668.07
1671.69
1689.78
1693.4
1693.4
1693.4
1693.4
1693.4
1693.4
1698.83
1698.83
1698.83
1698.83
1698.83
1698.83
1698.83
1698.83
1698.83
1698.83
1698.83
1698.83
1698.83
1698.83
1698.83
1698.83
1698.83
1698.83
1722.35
1722.35
1722.35
1722.35
1722.35
1722.35
1724.16
1787.48
1800.14
1867.08
1867.08
1867.08
1867.08
1867.08
1867.08
1868.89
1876.13
1876.13
1876.13
1876.13
1876.13
1876.13
1876.13
1876.13
1876.13
1876.13
1876.13
1876.13
1876.13
1876.13
1876.13
1876.13
1876.13
1876.13
1876.13
1876.13
1876.13
1876.13
1876.13
1876.13
1876.13
1876.13
1876.13
1876.13
1876.13
1876.13
1876.13
1876.13
1876.13
1876.13
1876.13
1876.13
1876.13
1876.13
1876.13
1876.13
1876.13
1876.13
1876.13
1876.13
1876.13
1876.13
1876.13
1876.13
1876.13
1876.13
1876.13
1876.13
1876.13
1876.13
1876.13
1876.13
1876.13
1876.13
1876.13
1876.13
1876.13
1876.13
1876.13
1876.13
1876.13
1876.13
1876.13
1876.13
1876.13
1876.13
1876.13
1876.13
1876.13
1877.94
1883.36
1923.17
1923.17
1923.17
1923.17
1923.17
1923.17
1923.17
1923.17
1923.17
1923.17
1924.98
1924.98
1930.4
1930.4
1930.4
1930.4
1930.4
1930.4
1930.4
1930.4
1930.4
1930.4
1930.4
1930.4
1930.4
1930.4
1930.4
1930.4
1930.4
1930.4
1930.4
1930.4
1930.4
1930.4
1930.4
1939.45
1939.45
1939.45
1939.45
1939.45
1939.45
1939.45
1939.45
1939.45
1948.49
1948.49
1948.49
1948.49
1948.49
1948.49
1948.49
1948.49
1948.49
1948.49
1948.49
1948.49
1948.49
1948.49
1948.49
1948.49
1948.49
1948.49
1957.54
1990.11
1990.11
1995.53
1995.53
1995.53
1995.53
1995.53
1995.53
1999.15
2000.96
2000.96
2000.96
2000.96
2000.96
2000.96
2000.96
2000.96
2000.96
2000.96
2000.96
2000.96
2000.96
2000.96
2000.96
2000.96
2000.96
2000.96
2000.96
2000.96
2000.96
2000.96
2000.96
2000.96
2000.96
2000.96
2000.96
2000.96
2000.96
2000.96
2000.96
2000.96
2000.96
2000.96
2000.96
2000.96
2000.96
2000.96
2000.96
2000.96
2000.96
2000.96
2000.96
2000.96
2000.96
2000.96
2000.96
2000.96
2000.96
2000.96
2000.96
2000.96
2000.96
2000.96
2000.96
2000.96
2000.96
2000.96
2000.96
2000.96
2000.96
2000.96
2000.96
2006.39
2048
2048
2048
2048
2048
2048
2048
2048
2048
2048
2048
2048
2048
2048
2048
2048
2048
2048
2048
2048
2048
2048
2048
2048
2048
2048
2048
2048
2048
2048
2048
2048
2048
2048
2048
2048
2048
2048
2048
2048
2048
2048
2048
2048
2048
2048
2048
2048
2048
2048
2048
2048
2048
2048
2048
2048
2048
2048
2048
2048
2048
2048
2048
2048
2048
2048
2048
2048
2048
2048
2048
2048
2048
2048
2048
2048
2048
2048
2048
2048
2048
2048
2048
2048
2048
2048
2048
2048
2048
2048
2048
2048
2048
2048
2048
2048
2048
2048
2048
2048
2048
2048
2048
2048
2048
2048
2048
2048
2048
2048
2048
2048
2048
2048
2048
2048
2048
2048
2048
2048
2048
2048
2048
2048
2048
2048
2048
2048
2048
2048
2048
2048
2048
2048
2048
2048
2048
2048
2048
2048
2048
2048
2048
2048
2048
2048
2048
2048
2048
2048
2048
2048
2048
2048
2048
2048
2048
2048
2048
2048
2048
2048
2048
2048
2048
2048
2048
2048
2048
2048
2048
2048
2048
2048
2048
2048
2048
2048
2048
2048
2048
2048
2048
2048
2048
2048
2048
2048
2048
2048
2048
2048
2048
2048
2048
2048
2048
2048
2048
2048
2048
2048
2048
2048
2048
2048
2048
2048
2048
2048
2048
2048
2048
2048
2048
2048
2048
2048
2048
2048
2048
2048
2048
2048
2048
2048
2048
2048
2048
2048
2048
2048
2048
2048
2048
2048
2048
2048
2048
2048
2048
2048
2048
2048
2048
2048
2048
2048
2048
2048
2048
2048
2048
2048
2048
2048
2048
2048
2048
2048
2048
2048
2048
2048
2048
2048
2048
2048
2048
2048
2048
2048
2048
2048
2048
2048
2048
2048
2048
2048
2048
2048
2048
2048
2048
2048
2048
2048
2048
2048
2048
2048
2048
2048
2048
2048
2048
2048
2048
2048
2048
2048
2048
2048
2048
2048
2048
2048
2048
2048
2048
2048
2048
2048
2048
2048
2048
2048
2048
2048
2048
2048
2048
2048
2048
2048
2048
2048
2048
2048
2048
2048
2048
2048
2048
2048
2048
2048
2048
2048
2048
2048
2048
2048
2048
2048
2048
2048
2048
2048
2048
2048
2048
2048
2048
2048
2048
2048
2048
2048
2048
2048
2048
2048
2048
2048
2048
2048
2048
2048
2048
2048
2048
2048
2048
2048
2048
2048
2048
2048
2048
2048
2048
2048
2048
2048
2048
2048
2048
2048
2048
2048
2048
2048
2048
2048
2048
2048
2048
2048
2048
2048
2048
2048
2048
2048
2048
2048
2048
2048
2048
2048
2048
2048
2048
2048
2048
2048
2048
2048
2048
2048
2048
2048
2048
2048
2048
2048
2048
2048
2048
2048
2048
2048
2048
2048
2048
2048
2048
2048
2048
2048
2048
2048
2048
2048
2048
2048
2048
2048
2048
2048
2048
2048
2048
2048
2048
2048
2048
2048
2048
2048
2048
2048
2048
2048
2048
2048
2048
2048
2048
2048
2048
2048
2048
2048
2048
2048
2048
2048
2048
2048
2048
2048
2048
2048
2048
2048
2048
2048
2048
2048
2048
2048
2048
2048
2048
2048
2048
2048
2048
2048
2048
2048
2048
2048
2048
2048
2048
2048
2048
2048
2048
2048
2048
2048
2048
2048
2048
2048
2048
2048
2048
2048
2048
2048
2048
2048
2048
2048
2048
2048
2048
2048
2048
2048
2048
2048
2048
2048
2048
2048
2048
2048
2048
2048
2048
2048
2048
2048
2048
2048
2048
2048
2048
2048
2048
2048
2048
2048
2048
2048
2048
2048
2048
2048
2048
2048
2048
2048
2048
2048
2048
2048
2048
2048
2048
2048
2048
2048
2048
2048
2048
2048
2048
2048
2048
2048
2048
2048
2048
2048
2048
2048
2048
2048
2048
2048
2048
2048
2048
2048
2048
2048
2048
2048
2048
2048
2048
2048
2048
2048
2048
2048
2048
2048
2048
2048
2048
2048
2048
2048
2048
2048
2048
2048
2048
2048
2048
2048
2048
2048
2048
2048
2048
2048
2048
2048
2048
2048
2048
2048
2048
2048
2048
2048
2048
2048
2048
2048
2048
2048
2048
2048
2048
2048
2048
2048
2048
2048
2048
2048
2048
2048
2048
2048
2048
2048
2048
2048
2048
2048
2048
2048
2048
2048
2048
2048
2048
2048
2048
2048
2048
2048
2048
2048
2048
2048
2048
2048
2048
2048
2048
2048
2048
2048
2048
2048
2048
2048
2048
2048
2048
2048
2048
2048
2048
2048
2048
2048
2048
2048
2048
2048
2048
2048
2048
2048
2048
2048
2048
2048
2048
2048
2048
2048
2048
2048
2048
2048
2048
2048
2048
2048
2048
2048
2048
2048
2048
2048
2048
2048
2048
2048
2048
2048
2048
2048
2048
2048
2048
2048
2048
2048
2048
2048
2048
2048
2048
2048
2048
2048
2048
2048
2048
2048
2048
2048
2048
2048
2048
2048
2048
2048
2048
2048
2048
2048
2048
2048
2048
2048
2048
2048
2048
2048
2048
2048
2048
2048
2048
2048
2048
2048
2048
2048
2048
2048
2048
2048
2048
2048
2048
2048
2048
2048
2048
2048
2048
2048
2048
2048
2048
2048
2048
2048
2048
2048
2048
2048
2048
2048
2048
2048
2048
2048
2048
2048
2048
2048
2048
2048
2048
2048
2048
2048
2048
2048
2048
2048
2048
2048
2048
2048
2048
2048
2048
2048
2048
2048
2048
2048
2048
2048
2048
2048
2048
2048
2048
2048
2048
2048
2048
2048
2048
2048
2048
2048
2048
2048
2048
2048
2048
2048
2048
2048
2048
2048
2048
2048
2048
2048
2048
2048
2048
2048
2048
2048
2048
2048
2048
2048
2048
2048
2048
2048
2048
2048
2048
2048
2048
2048
2048
2048
2048
2048
2048
2048
2048
2048
2048
2048
2048
2048
2048
2048
2048
2048
2048
2048
2048
2048
2048
2048
2048
2048
2048
2048
2048
2048
2048
2048
2048
2048
2048
2048
2048
2048
2048
2048
2048
2048
2048
2048
2048
2048
2048
2048
2048
2048
2048
2048
2048
2048
2048
2048
2048
2048
2048
2048
2048
2048
2048
2048
2048
2048
2048
2048
2048
2048
2048
2048
2048
2048
2048
2048
2048
2048
2048
2048
2048
2048
2048
2048
2048
2048
2048
2048
2048
2048
2048
2048
2048
2048
2048
2048
2048
2048
2048
2048
2048
2048
2048
2048
2048
2048
2048
2048
2048
2048
2048
2048
2048
2048
2048
2048
2048
2048
2048
2048
2048
2048
2048
2048
2048
2048
2048
2048
2048
2048
2048
2048
2048
2048
2048
2048
2048
2048
2048
2048
2048
2048
2048
2048
2048
2048
2048
2048
2048
2048
2048
2048
2048
2048
2048
2048
2048
2048
2048
2048
2048
2048
2048
2048
2048
2048
2048
2048
2048
2048
2048
2048
2048
2048
2048
2048
2048
2048
2048
2048
2048
2048
2048
2048
2048
2048
2048
2048
2048
2048
2048
2048
2048
2048
2048
2048
2048
2048
2048
2048
2048
2048
2048
2048
2048
2048
2048
2048
2048
2048
2048
2048
2048
2048
2048
2048
2048
2048
2048
2048
2048
2048
2048
2048
2048
2048
2048
2048
2048
2048
2048
2048
2048
2048
2048
2048
2048
2048
2048
2048
2048
2048
2048
2048
2048
2048
2048
2048
---------------------------------
2.83467
3.56982
4.19904
4.64848
5.51525
7.01766
7.60193
8.13483
8.62921
9.02729
10.0289
11.5056
12.8796
14.1894
15.0626
15.7432
16.3596
16.7576
16.7833
17.0787
18.8507
21.1108
23.1011
25.5281
27.5313
29.1236
30.6902
31.6148
32.565
32.8989
33.13
33.1814
33.2841
33.4896
33.6437
33.6437
33.8491
35.4414
35.6469
36.6742
37.3933
38.0096
39.7047
41.9647
44.0706
48.2311
49.4125
50.9535
53.8299
56.244
57.7849
59.1204
60.3531
61.2263
62.2536
65.0787
65.9005
65.9005
66.0546
66.1059
66.3114
66.5169
66.6196
67.3387
67.3387
67.3387
67.3387
67.3387
67.3387
67.4414
67.4928
67.9037
68.1091
68.3146
69.0337
74.3756
76.122
76.122
76.4302
78.1766
78.7929
80.1284
81.9775
83.313
83.7239
86.1894
88.8604
91.3258
95.3323
97.9005
102.934
104.167
106.119
108.276
109.303
112.693
115.159
116.186
117.727
119.884
120.706
123.274
123.583
124.096
124.713
129.644
130.568
130.876
131.596
132.315
132.417
132.623
132.828
133.034
133.136
133.547
133.65
134.164
134.164
134.164
134.164
134.164
134.164
134.164
134.164
134.369
134.369
134.575
134.575
134.575
134.575
134.575
134.575
134.575
134.575
134.575
134.575
134.575
134.575
134.575
134.575
134.78
134.78
136.424
142.998
142.998
143.717
143.82
144.026
146.697
151.011
151.833
152.655
152.655
153.477
155.531
159.64
159.846
160.873
160.873
161.49
166.01
168.064
168.064
169.913
178.748
180.597
182.652
185.734
186.35
186.35
186.761
189.432
195.596
211.621
214.703
216.963
222.305
227.647
229.291
232.989
232.989
232.989
232.989
233.811
241.413
243.673
248.809
253.945
258.26
258.465
260.109
260.726
261.136
265.862
265.862
265.862
265.862
265.862
265.862
265.862
266.273
268.327
268.533
268.944
269.355
269.355
269.355
269.355
269.355
269.355
269.355
269.355
269.355
269.355
269.56
269.56
269.56
269.56
269.56
269.56
269.56
269.56
269.971
269.971
269.971
269.971
269.971
269.971
269.971
269.971
269.971
269.971
269.971
269.971
269.971
269.971
269.971
269.971
269.971
269.971
269.971
269.971
269.971
269.971
269.971
269.971
269.971
269.971
269.971
269.971
269.971
269.971
269.971
269.971
269.971
269.971
269.971
269.971
269.971
269.971
269.971
269.971
269.971
269.971
269.971
269.971
269.971
271.615
271.615
271.615
271.615
271.615
272.437
272.437
272.437
272.437
272.437
274.08
274.08
274.08
277.368
280.655
293.804
293.804
294.626
296.27
296.27
297.091
297.091
297.091
297.091
297.091
297.091
297.502
299.968
313.528
313.939
317.637
342.703
347.223
349.689
352.565
370.645
377.22
383.384
385.849
401.464
403.108
403.108
403.108
406.395
406.395
406.395
406.395
406.806
408.039
408.86
409.682
409.682
410.504
412.148
412.148
412.148
412.97
414.613
417.9
417.9
418.722
418.722
418.722
425.708
442.966
443.788
447.897
462.279
464.745
468.854
477.072
477.072
478.716
486.112
486.112
488.167
505.014
505.014
505.014
506.658
507.069
507.069
507.069
507.069
507.891
511.589
513.233
513.233
513.233
514.876
516.109
516.109
516.52
516.52
516.52
516.931
516.931
517.753
517.753
517.753
519.807
523.506
523.506
523.506
523.506
523.506
523.506
524.327
524.327
524.327
524.327
524.327
524.327
524.327
524.738
525.149
525.149
525.149
525.149
530.902
534.6
534.6
534.6
534.6
534.6
534.6
534.6
534.6
534.6
535.011
535.011
535.011
535.011
535.011
535.011
535.011
535.011
535.011
535.011
535.011
535.011
535.011
535.011
535.011
535.011
535.011
535.011
535.011
535.011
535.011
535.011
535.011
535.011
535.011
535.011
535.011
535.011
535.011
535.011
535.011
535.011
535.011
535.011
535.011
535.011
535.011
535.011
535.011
535.011
535.011
535.011
535.011
535.011
535.011
535.011
535.011
535.011
535.011
535.011
535.011
535.011
535.011
535.011
535.011
535.011
535.011
535.011
535.011
535.011
535.011
535.011
535.011
535.011
535.011
535.011
535.011
535.011
535.011
535.011
535.011
535.011
535.011
535.011
535.011
535.011
535.011
535.011
535.011
535.011
535.011
535.011
535.833
539.942
539.942
539.942
539.942
539.942
539.942
539.942
539.942
539.942
539.942
539.942
539.942
539.942
539.942
539.942
539.942
539.942
539.942
539.942
539.942
539.942
539.942
539.942
539.942
539.942
539.942
539.942
539.942
539.942
539.942
539.942
539.942
539.942
539.942
539.942
539.942
539.942
539.942
539.942
543.23
568.706
568.706
568.706
568.706
568.706
568.706
568.706
568.706
570.35
570.35
570.35
570.35
570.35
570.35
570.35
570.35
570.35
571.994
576.925
576.925
576.925
576.925
576.925
578.568
578.568
578.568
578.568
578.568
578.568
581.856
581.856
585.143
600.758
604.045
611.441
631.165
642.671
642.671
642.671
645.958
655.82
687.05
687.05
688.693
690.337
698.555
698.555
699.377
701.021
719.101
719.101
720.745
721.567
721.567
721.567
724.854
739.647
739.647
739.647
739.647
739.647
739.647
741.291
743.756
744.578
745.4
750.331
764.302
806.215
807.859
814.433
814.433
814.433
816.077
816.077
816.077
816.077
821.008
843.197
844.841
844.841
846.485
846.485
848.95
862.921
862.921
862.921
862.921
862.921
862.921
871.14
897.438
897.438
897.438
897.438
897.438
897.438
897.438
906.478
957.432
957.432
957.432
957.432
957.432
957.432
957.432
957.432
957.432
957.432
957.432
957.432
957.432
957.432
957.432
957.432
957.432
957.432
957.432
957.432
957.432
957.432
957.432
957.432
957.432
957.432
957.432
957.432
959.075
959.075
959.075
968.116
996.058
1002.63
1003.45
1003.45
1008.39
1008.39
1010.03
1025.64
1025.64
1028.93
1028.93
1028.93
1028.93
1028.93
1028.93
1028.93
1030.57
1033.86
1040.44
1040.44
1042.08
1042.08
1042.08
1042.08
1042.08
1042.08
1042.08
1042.08
1042.08
1042.08
1042.08
1042.9
1044.55
1044.55
1044.55
1044.55
1044.55
1046.19
1054.41
1054.41
1055.23
1065.09
1065.09
1065.09
1065.09
1065.09
1065.09
1065.09
1065.09
1065.09
1065.09
1065.09
1065.09
1065.09
1065.09
1065.09
1065.09
1065.09
1065.09
1065.09
1065.09
1065.09
1065.09
1065.09
1065.09
1065.09
1068.38
1070.02
1077.42
1077.42
1077.42
1077.42
1078.24
1078.24
1078.24
1078.24
1078.24
1076.77
1076.77
1076.77
1076.77
1076.77
1076.77
1076.77
1076.77
1076.77
1076.77
1076.77
1075.2
1075.2
1075.2
1075.2
1075.2
1075.2
1075.2
1075.2
1075.2
1075.2
1075.2
1075.2
1075.2
1075.2
1075.2
1075.2
1075.2
1075.2
1075.2
1075.2
1075.2
1075.2
1075.2
1075.2
1075.2
1075.2
1075.2
1075.2
1075.2
1075.2
1075.2
1075.2
1075.2
1075.2
1075.2
1075.2
1075.2
1075.2
1075.2
1073.63
1073.63
1073.63
1070.47
1070.47
1070.47
1070.47
1070.47
1070.47
1068.88
1068.88
1068.88
1068.88
1068.88
1068.88
1068.88
1068.88
1068.88
1068.88
1068.88
1068.88
1068.88
1068.88
1068.88
1068.88
1068.88
1068.88
1068.88
1068.88
1068.88
1068.88
1068.88
1068.88
1068.88
1068.88
1068.88
1068.88
1068.88
1068.88
1068.88
1068.88
1068.88
1068.88
1068.88
1068.88
1068.88
1068.88
1068.88
1068.88
1067.29
1067.29
1067.29
1067.29
1067.29
1067.29
1067.29
1067.29
1067.29
1067.29
1067.29
1067.29
1067.29
1067.29
1067.29
1067.29
1067.29
1067.29
1067.29
1067.29
1067.29
1067.29
1067.29
1067.29
1067.29
1067.29
1067.29
1067.29
1067.29
1067.29
1067.29
1067.29
1067.29
1067.29
1067.29
1067.29
1067.29
1067.29
1064.09
1064.09
1064.09
1064.09
1064.09
1064.09
1064.09
1064.09
1064.09
1064.09
1064.09
1064.09
1064.09
1064.09
1064.09
1064.09
1064.09
1064.09
1064.09
1064.09
1064.09
1064.09
1064.09
1064.09
1064.09
1064.09
1064.09
1064.09
1064.09
1064.09
1064.09
1064.09
1064.09
1064.09
1064.09
1064.09
1064.09
1064.09
1064.09
1064.09
1064.09
1064.09
1064.09
1064.09
1064.09
1064.09
1064.09
1064.09
1064.09
1064.09
1064.09
1064.09
1064.09
1064.09
1064.09
1064.09
1064.09
1064.09
1064.09
1064.09
1064.09
1064.09
1064.09
1064.09
1064.09
1064.09
1064.09
1064.09
1064.09
1064.09
1064.09
1064.09
1062.48
1062.48
1062.48
1062.48
1062.48
1062.48
1062.48
1059.25
1059.25
1059.25
1059.25
1059.25
1059.25
1059.25
1059.25
1059.25
1059.25
1059.25
1059.25
1059.25
1059.25
1059.25
1059.25
1057.63
1057.63
1057.63
1057.63
1057.63
1057.63
1057.63
1057.63
1057.63
1057.63
1057.63
1057.63
1057.63
1057.63
1057.63
1057.63
1057.63
1057.63
1057.63
1057.63
1057.63
1057.63
1057.63
1057.63
1057.63
1057.63
1057.63
1057.63
1057.63
1057.63
1057.63
1057.63
1057.63
1057.63
1057.63
1057.63
1057.63
1057.63
1057.63
1057.63
1057.63
1057.63
1057.63
1057.63
1057.63
1057.63
1057.63
1057.63
1057.63
1057.63
1057.63
1057.63
1057.63
1057.63
1057.63
1057.63
1057.63
1057.63
1057.63
1057.63
1057.63
1057.63
1057.63
1057.63
1057.63
1057.63
1057.63
1057.63
1057.63
1057.63
1057.63
1054.37
1054.37
1051.08
1051.08
1051.08
1051.08
1049.43
1047.77
1047.77
1047.77
1047.77
1063.06
1117.4
1117.4
1117.4
1117.4
1117.4
1117.4
1117.4
1120.8
1139.48
1141.17
1142.87
1147.97
1146.47
1146.47
1146.47
1146.47
1146.47
1146.47
1146.47
1143.47
1143.47
1143.47
1140.44
1140.44
1147.29
1147.29
1147.29
1147.29
1149
1155.85
1155.85
1155.85
1174.69
1272.29
1272.29
1272.29
1272.29
1272.29
1272.29
1272.29
1274.01
1274.01
1277.43
1299.69
1299.69
1299.69
1299.69
1299.69
1299.69
1299.69
1299.69
1299.69
1299.69
1299.69
1299.69
1303.12
1335.65
1520.59
1524.01
1561.77
1561.77
1561.77
1561.77
1561.77
1561.77
1561.77
1565.21
1568.64
1584.11
1590.98
1592.7
1592.7
1592.7
1592.7
1592.7
1596.13
1603.01
1603.01
1603.01
1603.01
1603.01
1603.01
1603.01
1603.01
1603.01
1603.01
1603.01
1602.26
1602.26
1602.26
1602.26
1602.26
1602.26
1602.26
1602.26
1602.26
1602.26
1602.26
1602.26
1602.26
1602.26
1602.26
1602.26
1602.26
1602.26
1602.26
1602.26
1602.26
1602.26
1602.26
1602.26
1602.26
1602.26
1602.26
1602.26
1609.14
1634.96
1645.28
1705.52
1743.38
1748.54
1750.27
1751.99
1755.43
1769.2
1769.2
1769.2
1769.2
1769.2
1769.2
1769.2
1769.2
1776.08
1788.13
1788.13
1787.69
1787.69
1787.69
1787.69
1787.69
1787.69
1787.69
1789.41
1830.79
1830.79
1830.79
1830.79
1830.79
1830.79
1830.79
1830.79
1830.79
1830.79
1830.79
1830.79
1832.51
1832.51
1832.51
1832.51
1832.51
1832.51
1832.51
1832.51
1832.51
1832.51
1832.51
1832.51
1832.51
1832.51
1832.51
1832.51
1832.51
1832.51
1832.51
1832.51
1832.51
1832.51
1832.51
1832.51
1832.51
1832.51
1832.51
1832.51
1832.51
1832.51
1832.51
1832.51
1832.51
1832.51
1832.51
1834.24
1834.24
1834.24
1834.24
1834.24
1834.24
1834.24
1834.24
1834.24
1834.24
1834.24
1834.24
1834.24
1834.24
1834.24
1834.24
1834.24
1834.24
1834.24
1834.24
1834.24
1834.24
1834.24
1834.24
1834.24
1834.24
1834.24
1834.24
1834.24
1833.88
1833.88
1833.88
1833.88
1833.88
1833.88
1833.88
1833.88
1833.88
1833.88
1833.88
1833.88
1833.88
1833.88
1833.88
1833.88
1833.88
1833.88
1833.88
1833.88
1833.88
1833.88
1833.88
1833.88
1833.88
1854.6
1923.67
1958.21
1958.21
1977.2
1980.65
1980.65
1980.65
1980.65
1980.65
1980.65
1980.65
1980.65
1980.65
1982.38
1997.92
1997.92
1997.58
1997.58
1997.58
1997.58
1997.58
1997.58
1997.58
1997.58
1997.58
1997.58
1997.58
1997.58
1997.58
1997.58
1997.58
1997.58
1997.58
1997.58
1997.58
1997.58
2009.75
2009.75
2009.75
2009.75
2009.75
2009.75
2009.75
2009.75
2009.75
2009.75
2009.75
2009.75
2009.75
2009.75
2009.75
2009.75
2009.75
2009.75
2009.75
2009.75
2009.75
2009.75
2009.75
2009.75
2009.75
2009.75
2009.75
2009.75
2009.75
2009.75
2009.75
2009.75
2009.75
2009.75
2009.75
2009.75
2009.75
2009.75
2009.75
2009.75
2016.71
2048
2048
2048
2048
2048
2048
2048
2048
2048
2048
2048
2048
2048
2048
2048
2048
2048
2048
2048
2048
2048
2048
2048
2048
2048
2048
2048
2048
2048
2048
2048
2048
2048
2048
2048
2048
2048
2048
2048
2048
2048
2048
2048
2048
2048
2048
2048
2048
2048
2048
2048
2048
2048
2048
2048
2048
2048
2048
2048
2048
2048
2048
2048
2048
2048
2048
2048
2048
2048
2048
2048
2048
2048
2048
2048
2048
2048
2048
2048
2048
2048
2048
2048
2048
2048
2048
2048
2048
2048
2048
2048
2048
2048
2048
2048
2048
2048
2048
2048
2048
2048
2048
2048
2048
2048
2048
2048
2048
2048
2048
2048
2048
2048
2048
2048
2048
2048
2048
2048
2048
2048
2048
2048
2048
2048
2048
2048
2048
2048
2048
2048
2048
2048
2048
2048
2048
2048
2048
2048
2048
2048
2048
2048
2048
2048
2048
2048
2048
2048
2048
2048
2048
2048
2048
2048
2048
2048
2048
2048
2048
2048
2048
2048
2048
2048
2048
2048
2048
2048
2048
2048
2048
2048
2048
2048
2048
2048
2048
2048
2048
2048
2048
2048
2048
2048
2048
2048
2048
2048
2048
2048
2048
2048
2048
2048
2048
2048
2048
2048
2048
2048
2048
2048
2048
2048
2048
2048
2048
2048
2048
2048
2048
2048
2048
2048
2048
2048
2048
2048
2048
2048
2048
2048
2048
2048
2048
2048
2048
2048
2048
2048
2048
2048
2048
2048
2048
2048
2048
2048
2048
2048
2048
2048
2048
2048
2048
2048
2048
2048
2048
2048
2048
2048
2048
2048
2048
2048
2048
2048
2048
2048
2048
2048
2048
2048
2048
2048
2048
2048
2048
2048
2048
2048
2048
2048
2048
2048
2048
2048
2048
2048
2048
2048
2048
2048
2048
2048
2048
2048
2048
2048
2048
2048
2048
2048
2048
2048
2048
2048
2048
2048
2048
2048
2048
2048
2048
2048
2048
2048
2048
2048
2048
2048
2048
2048
2048
2048
2048
2048
2048
2048
2048
2048
2048
2048
2048
2048
2048
2048
2048
2048
2048
2048
2048
2048
2048
2048
2048
2048
2048
2048
2048
2048
2048
2048
2048
2048
2048
2048
2048
2048
2048
2048
2048
2048
2048
2048
2048
2048
2048
2048
2048
2048
2048
2048
2048
2048
2048
2048
2048
2048
2048
2048
2048
2048
2048
2048
2048
2048
2048
2048
2048
2048
2048
2048
2048
2048
2048
2048
2048
2048
2048
2048
2048
2048
2048
2048
2048
2048
2048
2048
2048
2048
2048
2048
2048
2048
2048
2048
2048
2048
2048
2048
2048
2048
2048
2048
2048
2048
2048
2048
2048
2048
2048
2048
2048
2048
2048
2048
2048
2048
2048
2048
2048
2048
2048
2048
2048
2048
2048
2048
2048
2048
2048
2048
2048
2048
2048
2048
2048
2048
2048
2048
2048
2048
2048
2048
2048
2048
2048
2048
2048
2048
2048
2048
2048
2048
2048
2048
2048
2048
2048
2048
2048
2048
2048
2048
2048
2048
2048
2048
2048
2048
2048
2048
2048
2048
2048
2048
2048
2048
2048
2048
2048
2048
2048
2048
2048
2048
2048
2048
2048
2048
2048
2048
2048
2048
2048
2048
2048
2048
2048
2048
2048
2048
2048
2048
2048
2048
2048
2048
2048
2048
2048
2048
2048
2048
2048
2048
2048
2048
2048
2048
2048
2048
2048
2048
2048
2048
2048
2048
2048
2048
2048
2048
2048
2048
2048
2048
2048
2048
2048
2048
2048
2048
2048
2048
2048
2048
2048
2048
2048
2048
2048
2048
2048
2048
2048
2048
2048
2048
2048
2048
2048
2048
2048
2048
2048
2048
2048
2048
2048
2048
2048
2048
2048
2048
2048
2048
2048
2048
2048
2048
2048
2048
2048
2048
2048
2048
2048
2048
2048
2048
2048
2048
2048
2048
2048
2048
2048
2048
2048
2048
2048
2048
2048
2048
2048
2048
2048
2048
2048
2048
2048
2048
2048
2048
2048
2048
2048
2048
2048
2048
2048
2048
2048
2048
2048
2048
2048
2048
2048
2048
2048
2048
2048
2048
2048
2048
2048
2048
2048
2048
2048
2048
2048
2048
2048
2048
2048
2048
2048
2048
2048
2048
2048
2048
2048
2048
2048
2048
2048
2048
2048
2048
2048
2048
2048
2048
2048
2048
2048
2048
2048
2048
2048
2048
2048
2048
2048
2048
2048
2048
2048
2048
2048
2048
2048
2048
2048
2048
2048
2048
2048
2048
2048
2048
2048
2048
2048
2048
2048
2048
2048
2048
2048
2048
2048
2048
2048
2048
2048
2048
2048
2048
2048
2048
2048
2048
2048
2048
2048
2048
2048
2048
2048
2048
2048
2048
2048
2048
2048
2048
2048
2048
2048
2048
2048
2048
2048
2048
2048
2048
2048
2048
2048
2048
2048
2048
2048
2048
2048
2048
2048
2048
2048
2048
2048
2048
2048
2048
2048
2048
2048
2048
2048
2048
2048
2048
2048
2048
2048
2048
2048
2048
2048
2048
2048
2048
2048
2048
2048
2048
2048
2048
2048
2048
2048
2048
2048
2048
2048
2048
2048
2048
2048
2048
2048
2048
2048
2048
2048
2048
2048
2048
2048
2048
2048
2048
2048
2048
2048
2048
2048
2048
2048
2048
2048
2048
2048
2048
2048
2048
2048
2048
2048
2048
2048
2048
2048
2048
2048
2048
2048
2048
2048
2048
2048
2048
2048
2048
2048
2048
2048
2048
2048
2048
2048
2048
2048
2048
2048
2048
2048
2048
2048
2048
2048
2048
2048
2048
2048
2048
2048
2048
2048
2048
2048
2048
2048
2048
2048
2048
2048
2048
2048
2048
2048
2048
2048
2048
2048
2048
2048
2048
2048
2048
2048
2048
2048
2048
2048
2048
2048
2048
2048
2048
2048
2048
2048
2048
2048
2048
2048
2048
2048
2048
2048
2048
2048
2048
2048
2048
2048
2048
2048
2048
2048
2048
2048
2048
2048
2048
2048
2048
2048
2048
2048
2048
2048
2048
2048
2048
2048
2048
2048
2048
2048
2048
2048
2048
2048
2048
2048
2048
2048
2048
2048
2048
2048
2048
2048
2048
2048
2048
2048
2048
2048
2048
2048
2048
2048
2048
2048
2048
2048
2048
2048
2048
2048
2048
2048
2048
2048
2048
2048
2048
2048
2048
2048
2048
2048
2048
2048
2048
2048
2048
2048
2048
2048
2048
2048
2048
2048
2048
2048
2048
2048
2048
2048
2048
2048
2048
2048
2048
2048
2048
2048
2048
2048
2048
2048
2048
2048
2048
2048
2048
2048
2048
2048
2048
2048
2048
2048
2048
2048
2048
2048
2048
2048
2048
2048
2048
2048
2048
2048
2048
2048
2048
2048
2048
2048
2048
2048
2048
2048
2048
2048
2048
2048
2048
2048
2048
2048
2048
2048
2048
2048
2048
2048
2048
2048
2048
2048
2048
2048
2048
2048
2048
2048
2048
2048
2048
2048
2048
2048
2048
2048
2048
2048
2048
2048
2048
2048
2048
2048
2048
2048
2048
2048
2048
2048
2048
2048
2048
2048
2048
2048
2048
2048
2048
2048
2048
2048
2048
2048
2048
2048
2048
2048
2048
2048
2048
2048
2048
2048
2048
2048
2048
2048
2048
2048
2048
2048
2048
2048
2048
2048
2048
2048
2048
2048
2048
2048
2048
2048
2048
2048
2048
2048
2048
2048
2048
2048
2048
2048
2048
2048
2048
2048
2048
2048
2048
2048
2048
2048
---------------------------------
2.90681
3.56631
4.17921
4.56631
5.73477
6.8172
7.66308
8.23656
8.47312
9.18996
10.3082
11.7849
13.147
14.1792
15.2401
15.871
16.1577
16.4444
17.147
17.8208
19.9857
21.0609
22.3082
22.8244
24.6308
28.1004
29.19
30.1362
31.1685
31.6559
31.8853
32.086
32.8602
32.9749
32.9749
32.9749
33.0896
33.3763
33.8351
34.0072
34.3799
35.6989
38.4516
41.6631
42.1505
43.4695
47.3118
50.1792
51.3262
52.9892
54.9964
55.4552
58.0358
62.0502
62.2796
62.9104
64.172
64.6308
65.0323
65.2616
65.8351
66.2939
66.2939
66.3513
66.3513
66.4659
66.9821
67.1541
67.6129
67.6129
67.6129
67.6129
67.6129
67.6129
68.0143
69.0466
73.1756
73.6344
74.6667
77.3047
78.9104
79.5986
81.2043
85.3333
89.3477
91.2975
93.7061
97.7204
99.0968
99.4409
99.8996
101.735
105.749
108.502
112.516
113.204
116.072
118.022
118.251
119.742
120.545
122.38
128.688
129.376
129.72
129.72
129.835
130.523
130.523
130.523
131.211
132.358
132.588
132.703
132.932
132.932
132.932
132.932
132.932
132.932
133.161
134.079
134.652
135.226
135.226
135.226
135.226
135.226
135.226
135.226
135.455
135.799
135.799
135.799
136.258
136.258
136.258
136.258
136.258
136.258
136.258
137.634
138.323
140.387
142.452
142.452
143.599
143.599
144.057
145.434
145.892
148.645
149.563
149.563
150.022
150.71
153.921
154.839
155.527
157.133
160.344
160.344
161.491
161.95
165.62
165.849
170.208
173.649
174.566
177.09
183.283
196.588
197.964
201.634
202.552
206.222
208.975
210.581
217.004
220.674
221.591
225.72
227.785
233.978
236.272
244.53
245.677
245.907
246.824
246.824
247.054
247.283
250.724
251.871
258.294
258.294
259.211
266.093
266.552
266.552
266.552
266.552
267.011
267.928
267.928
267.928
267.928
268.387
268.387
268.387
268.387
268.387
268.387
268.387
268.387
268.387
268.387
268.387
268.387
268.387
268.387
268.387
268.846
268.846
268.846
269.763
269.763
269.763
269.763
269.763
270.222
270.222
270.222
270.222
270.222
270.222
270.222
270.222
270.222
270.222
270.681
271.599
271.599
271.599
271.599
271.599
271.599
271.599
271.599
271.599
271.599
271.599
271.599
271.599
271.599
271.599
271.599
271.599
271.599
271.599
271.599
271.599
271.599
271.599
271.599
271.599
271.599
271.599
271.599
271.599
271.599
271.599
271.599
272.516
272.516
272.516
273.434
273.434
273.434
273.434
274.351
274.351
274.351
275.269
276.645
276.645
279.398
279.857
279.857
284.903
284.903
284.903
284.903
285.821
285.821
287.656
292.703
303.713
330.781
331.24
331.24
333.075
339.498
348.215
372.072
372.072
372.989
375.283
376.201
384.459
384.918
386.294
386.294
386.294
389.047
389.047
389.047
389.047
389.505
391.799
400.975
400.975
402.81
406.939
406.939
407.857
407.857
409.233
413.362
414.28
414.738
421.161
431.713
439.513
440.43
440.43
443.642
450.065
451.9
452.817
462.452
471.168
471.627
475.297
476.674
480.344
480.344
481.262
495.484
505.577
506.036
506.953
510.165
510.165
510.624
515.211
515.211
515.211
516.129
517.964
517.964
517.964
518.882
519.341
521.634
523.47
531.269
531.269
531.269
531.269
531.269
531.269
531.728
533.104
533.104
533.563
536.774
537.233
537.233
537.233
537.233
537.233
537.233
538.609
541.821
541.821
541.821
541.821
541.821
542.28
542.28
542.28
542.28
542.28
542.28
542.28
542.28
542.28
543.197
543.197
543.197
543.197
543.197
543.197
543.197
543.197
543.197
543.197
543.197
543.197
543.197
543.197
543.197
543.197
543.197
543.197
543.197
543.197
543.197
543.197
543.197
543.197
543.197
543.197
543.197
543.197
543.197
543.197
543.197
543.197
543.197
543.197
543.197
543.197
543.197
543.197
543.197
543.197
543.197
543.197
543.197
543.197
543.197
543.197
543.197
543.197
543.197
543.197
543.197
543.197
543.197
543.197
543.197
543.197
543.197
543.197
543.197
543.197
543.197
543.197
543.197
543.197
543.197
543.197
543.197
543.197
543.197
543.197
543.197
543.197
543.197
543.197
543.197
543.197
543.197
543.197
543.197
543.197
543.197
543.197
543.197
543.197
543.197
543.197
543.197
543.197
543.197
543.197
543.197
543.197
543.197
543.197
543.197
543.197
543.197
543.197
543.197
543.197
543.197
543.197
543.197
543.197
543.197
543.197
543.197
543.197
543.197
543.197
543.197
543.197
543.197
543.197
543.197
543.197
543.197
543.197
543.197
543.197
543.197
543.197
543.197
543.197
543.197
543.197
543.197
543.197
543.197
543.197
545.032
546.867
546.867
548.703
548.703
548.703
549.62
560.631
612.932
612.932
612.932
612.932
612.932
612.932
612.932
612.932
614.767
615.685
615.685
615.685
615.685
615.685
615.685
616.602
621.19
629.448
640.459
640.459
640.459
642.294
642.294
644.129
644.129
645.964
647.799
651.47
666.151
666.151
666.151
666.151
667.068
676.244
677.161
678.079
678.079
678.079
678.079
685.419
686.337
697.348
697.348
697.348
697.348
697.348
698.265
701.018
704.688
713.864
714.781
714.781
715.699
721.204
738.638
739.556
743.226
745.061
749.649
750.566
763.412
780.846
780.846
788.186
788.186
790.022
791.857
796.444
806.538
806.538
806.538
808.373
808.373
809.29
811.125
816.631
816.631
816.631
816.631
816.631
816.631
816.631
816.631
816.631
816.631
816.631
816.631
816.631
816.631
816.631
816.631
816.631
816.631
818.466
820.301
820.301
820.301
820.301
827.642
851.498
851.498
851.498
851.498
851.498
851.498
851.498
851.498
851.498
851.498
851.498
852.416
854.251
860.674
869.849
872.602
887.283
970.781
970.781
970.781
970.781
975.369
979.957
988.215
988.215
998.308
998.308
998.308
998.308
998.308
998.308
1005.65
1012.07
1035.93
1035.93
1035.93
1037.76
1037.76
1037.76
1037.76
1037.76
1037.76
1037.76
1037.76
1037.76
1037.76
1037.76
1035.95
1040.55
1045.14
1043.34
1043.34
1041.53
1041.53
1043.37
1047.06
1047.06
1047.06
1047.06
1047.06
1047.06
1045.26
1045.26
1045.26
1045.26
1045.26
1045.26
1043.44
1043.44
1043.44
1043.44
1043.44
1041.62
1041.62
1041.62
1041.62
1041.62
1041.62
1041.62
1041.62
1041.62
1041.62
1041.62
1041.62
1041.62
1041.62
1041.62
1041.62
1045.33
1045.33
1045.33
1047.19
1047.19
1047.19
1047.19
1047.19
1047.19
1047.19
1047.19
1047.19
1047.19
1047.19
1047.19
1047.19
1047.19
1047.19
1047.19
1047.19
1047.19
1047.19
1047.19
1047.19
1047.19
1047.19
1047.19
1047.19
1047.19
1047.19
1047.19
1047.19
1047.19
1047.19
1047.19
1047.19
1047.19
1047.19
1047.19
1050.9
1075.94
1075.94
1075.94
1074.18
1074.18
1074.18
1074.18
1074.18
1074.18
1074.18
1074.18
1074.18
1074.18
1074.18
1074.18
1074.18
1074.18
1074.18
1074.18
1074.18
1074.18
1074.18
1074.18
1074.18
1074.18
1074.18
1074.18
1074.18
1074.18
1074.18
1074.18
1074.18
1074.18
1074.18
1074.18
1074.18
1074.18
1074.18
1074.18
1074.18
1074.18
1074.18
1074.18
1074.18
1074.18
1074.18
1074.18
1074.18
1074.18
1074.18
1074.18
1074.18
1074.18
1074.18
1074.18
1074.18
1074.18
1074.18
1074.18
1074.18
1074.18
1074.18
1074.18
1074.18
1074.18
1074.18
1074.18
1074.18
1074.18
1074.18
1074.18
1074.18
1074.18
1074.18
1074.18
1074.18
1074.18
1074.18
1074.18
1074.18
1074.18
1074.18
1074.18
1074.18
1074.18
1074.18
1074.18
1074.18
1074.18
1074.18
1074.18
1074.18
1074.18
1074.18
1074.18
1074.18
1074.18
1074.18
1074.18
1072.41
1072.41
1072.41
1068.85
1068.85
1068.85
1068.85
1068.85
1068.85
1068.85
1068.85
1068.85
1068.85
1068.85
1068.85
1068.85
1068.85
1068.85
1068.85
1068.85
1068.85
1068.85
1068.85
1068.85
1068.85
1068.85
1068.85
1068.85
1068.85
1068.85
1068.85
1068.85
1068.85
1068.85
1068.85
1068.85
1068.85
1068.85
1068.85
1068.85
1068.85
1068.85
1068.85
1068.85
1068.85
1068.85
1068.85
1068.85
1068.85
1068.85
1068.85
1068.85
1068.85
1068.85
1068.85
1068.85
1068.85
1068.85
1068.85
1068.85
1068.85
1068.85
1068.85
1067.06
1067.06
1067.06
1067.06
1067.06
1067.06
1067.06
1067.06
1067.06
1067.06
1061.65
1061.65
1061.65
1061.65
1061.65
1061.65
1061.65
1061.65
1061.65
1061.65
1061.65
1061.65
1061.65
1061.65
1061.65
1061.65
1061.65
1061.65
1061.65
1061.65
1061.65
1061.65
1061.65
1061.65
1061.65
1059.83
1058.01
1058.01
1058.01
1058.01
1058.01
1056.18
1056.18
1054.34
1054.34
1054.34
1054.34
1048.79
1048.79
1048.79
1048.79
1048.79
1048.79
1048.79
1048.79
1048.79
1048.79
1048.79
1048.79
1048.79
1048.79
1048.79
1048.79
1048.79
1048.79
1048.79
1048.79
1048.79
1048.79
1048.79
1048.79
1048.79
1048.79
1048.79
1048.79
1048.79
1048.79
1048.79
1048.79
1048.79
1048.79
1048.79
1048.79
1048.79
1048.79
1048.79
1048.79
1048.79
1048.79
1048.79
1048.79
1048.79
1048.79
1048.79
1048.79
1048.79
1048.79
1048.79
1048.79
1048.79
1048.79
1048.79
1048.79
1048.79
1048.79
1048.79
1048.79
1048.79
1048.79
1046.93
1046.93
1046.93
1043.18
1043.18
1043.18
1043.18
1043.18
1043.18
1043.18
1043.18
1045.09
1048.93
1048.93
1048.93
1048.93
1048.93
1048.93
1048.93
1048.93
1048.93
1048.93
1048.93
1048.93
1048.93
1048.93
1048.93
1048.93
1048.93
1048.93
1048.93
1048.93
1048.93
1048.93
1050.85
1048.98
1070.11
1070.11
1070.11
1068.27
1068.27
1072.12
1072.12
1074.05
1079.82
1083.67
1083.67
1083.67
1083.67
1083.67
1083.67
1083.67
1083.67
1078.2
1076.36
1076.36
1076.36
1076.36
1076.36
1076.36
1076.36
1080.24
1117.09
1117.09
1119.03
1128.73
1148.12
1148.12
1157.82
1159.76
1156.38
1156.38
1156.38
1156.38
1158.33
1181.69
1181.69
1181.69
1181.69
1180.04
1180.04
1180.04
1180.04
1180.04
1180.04
1180.04
1180.04
1180.04
1180.04
1180.04
1180.04
1180.04
1180.04
1180.04
1180.04
1180.04
1180.04
1180.04
1180.04
1180.04
1180.04
1180.04
1180.04
1180.04
1180.04
1180.04
1180.04
1180.04
1180.04
1180.04
1180.04
1180.04
1180.04
1180.04
1180.04
1180.04
1180.04
1180.04
1180.04
1180.04
1180.04
1180.04
1180.04
1180.04
1180.04
1180.04
1180.04
1193.69
1295.12
1542.83
1638.4
1648.15
1650.1
1650.1
1650.1
1650.1
1663.76
1757.38
1757.38
1757.38
1757.38
1757.38
1765.18
1765.18
1765.18
1765.18
1765.18
1765.18
1765.18
1765.18
1765.18
1765.18
1765.18
1765.18
1765.18
1765.18
1765.18
1765.18
1765.18
1765.18
1765.18
1765.18
1765.18
1765.18
1765.18
1765.18
1765.18
1765.18
1765.18
1765.18
1765.18
1769.08
1794.44
1794.44
1794.44
1794.44
1794.44
1794.44
1794.44
1794.44
1794.44
1798.34
1831.5
1831.5
1831.5
1831.5
1831.5
1831.5
1831.5
1831.5
1831.5
1831.5
1831.5
1831.5
1831.5
1831.5
1831.5
1831.5
1831.5
1831.5
1831.5
1831.5
1831.5
1831.5
1831.5
1831.5
1831.5
1831.5
1831.5
1831.5
1831.5
1831.5
1831.5
1831.5
1831.5
1831.5
1831.5
1831.5
1831.5
1831.5
1831.5
1831.5
1831.5
1831.5
1831.5
1831.5
1831.5
1831.5
1831.5
1831.5
1831.5
1831.5
1831.5
1831.5
1831.5
1831.5
1831.5
1831.5
1831.5
1831.5
1831.5
1831.5
1831.5
1831.5
1831.5
1831.5
1831.5
1831.5
1831.08
1830.25
1830.25
1830.25
1830.25
1830.25
1830.25
1829.83
1831.8
1849.49
1873.07
1877.01
1894.69
1894.69
1908.45
1908.45
1914.35
1951.69
1955.62
1955.62
1955.62
1955.62
1955.62
1955.62
1955.62
1955.62
1955.62
1955.62
1955.62
1955.62
1955.62
1955.62
1955.62
1955.62
1955.62
1955.62
1955.62
1955.62
1955.62
1955.62
1955.62
1955.62
1955.62
1955.62
1955.62
1955.62
1957.59
1957.59
1957.59
1957.59
1957.59
1957.59
1957.59
1957.59
1957.59
1957.59
1957.59
1957.59
1957.59
1957.59
1957.59
1957.59
1957.59
1957.59
1957.59
1957.59
1957.59
1957.59
1957.59
1957.59
1957.59
1957.59
1957.59
1957.59
1957.59
1957.59
1957.59
1957.59
1957.59
1961.52
2006.73
2006.73
2006.73
2006.73
2006.73
2006.73
2006.73
2006.73
2006.73
2006.73
2006.73
2006.73
2006.73
2006.73
2006.73
2006.73
2006.73
2006.73
2006.73
2006.73
2006.73
2006.73
2006.73
2006.73
2006.73
2006.73
2006.73
2006.73
2006.73
2006.73
2006.73
2006.73
2006.73
2006.73
2006.73
2006.73
2006.73
2006.73
2006.73
2006.73
2006.73
2006.73
2006.73
2006.73
2006.73
2006.73
2006.73
2006.73
2006.73
2006.73
2006.73
2006.73
2006.73
2006.73
2006.73
2006.73
2006.73
2006.73
2006.73
2006.73
2006.73
2006.73
2006.73
2006.73
2006.73
2006.73
2006.73
2006.73
2006.65
2006.49
2006.49
2006.49
2006.49
2006.49
2006.49
2006.49
2010.44
2048
2048
2048
2048
2048
2048
2048
2048
2048
2048
2048
2048
2048
2048
2048
2048
2048
2048
2048
2048
2048
2048
2048
2048
2048
2048
2048
2048
2048
2048
2048
2048
2048
2048
2048
2048
2048
2048
2048
2048
2048
2048
2048
2048
2048
2048
2048
2048
2048
2048
2048
2048
2048
2048
2048
2048
2048
2048
2048
2048
2048
2048
2048
2048
2048
2048
2048
2048
2048
2048
2048
2048
2048
2048
2048
2048
2048
2048
2048
2048
2048
2048
2048
2048
2048
2048
2048
2048
2048
2048
2048
2048
2048
2048
2048
2048
2048
2048
2048
2048
2048
2048
2048
2048
2048
2048
2048
2048
2048
2048
2048
2048
2048
2048
2048
2048
2048
2048
2048
2048
2048
2048
2048
2048
2048
2048
2048
2048
2048
2048
2048
2048
2048
2048
2048
2048
2048
2048
2048
2048
2048
2048
2048
2048
2048
2048
2048
2048
2048
2048
2048
2048
2048
2048
2048
2048
2048
2048
2048
2048
2048
2048
2048
2048
2048
2048
2048
2048
2048
2048
2048
2048
2048
2048
2048
2048
2048
2048
2048
2048
2048
2048
2048
2048
2048
2048
2048
2048
2048
2048
2048
2048
2048
2048
2048
2048
2048
2048
2048
2048
2048
2048
2048
2048
2048
2048
2048
2048
2048
2048
2048
2048
2048
2048
2048
2048
2048
2048
2048
2048
2048
2048
2048
2048
2048
2048
2048
2048
2048
2048
2048
2048
2048
2048
2048
2048
2048
2048
2048
2048
2048
2048
2048
2048
2048
2048
2048
2048
2048
2048
2048
2048
2048
2048
2048
2048
2048
2048
2048
2048
2048
2048
2048
2048
2048
2048
2048
2048
2048
2048
2048
2048
2048
2048
2048
2048
2048
2048
2048
2048
2048
2048
2048
2048
2048
2048
2048
2048
2048
2048
2048
2048
2048
2048
2048
2048
2048
2048
2048
2048
2048
2048
2048
2048
2048
2048
2048
2048
2048
2048
2048
2048
2048
2048
2048
2048
2048
2048
2048
2048
2048
2048
2048
2048
2048
2048
2048
2048
2048
2048
2048
2048
2048
2048
2048
2048
2048
2048
2048
2048
2048
2048
2048
2048
2048
2048
2048
2048
2048
2048
2048
2048
2048
2048
2048
2048
2048
2048
2048
2048
2048
2048
2048
2048
2048
2048
2048
2048
2048
2048
2048
2048
2048
2048
2048
2048
2048
2048
2048
2048
2048
2048
2048
2048
2048
2048
2048
2048
2048
2048
2048
2048
2048
2048
2048
2048
2048
2048
2048
2048
2048
2048
2048
2048
2048
2048
2048
2048
2048
2048
2048
2048
2048
2048
2048
2048
2048
2048
2048
2048
2048
2048
2048
2048
2048
2048
2048
2048
2048
2048
2048
2048
2048
2048
2048
2048
2048
2048
2048
2048
2048
2048
2048
2048
2048
2048
2048
2048
2048
2048
2048
2048
2048
2048
2048
2048
2048
2048
2048
2048
2048
2048
2048
2048
2048
2048
2048
2048
2048
2048
2048
2048
2048
2048
2048
2048
2048
2048
2048
2048
2048
2048
2048
2048
2048
2048
2048
2048
2048
2048
2048
2048
2048
2048
2048
2048
2048
2048
2048
2048
2048
2048
2048
2048
2048
2048
2048
2048
2048
2048
2048
2048
2048
2048
2048
2048
2048
2048
2048
2048
2048
2048
2048
2048
2048
2048
2048
2048
2048
2048
2048
2048
2048
2048
2048
2048
2048
2048
2048
2048
2048
2048
2048
2048
2048
2048
2048
2048
2048
2048
2048
2048
2048
2048
2048
2048
2048
2048
2048
2048
2048
2048
2048
2048
2048
2048
2048
2048
2048
2048
2048
2048
2048
2048
2048
2048
2048
2048
2048
2048
2048
2048
2048
2048
2048
2048
2048
2048
2048
2048
2048
2048
2048
2048
2048
2048
2048
2048
2048
2048
2048
2048
2048
2048
2048
2048
2048
2048
2048
2048
2048
2048
2048
2048
2048
2048
2048
2048
2048
2048
2048
2048
2048
2048
2048
2048
2048
2048
2048
2048
2048
2048
2048
2048
2048
2048
2048
2048
2048
2048
2048
2048
2048
2048
2048
2048
2048
2048
2048
2048
2048
2048
2048
2048
2048
2048
2048
2048
2048
2048
2048
2048
2048
2048
2048
2048
2048
2048
2048
2048
2048
2048
2048
2048
2048
2048
2048
2048
2048
2048
2048
2048
2048
2048
2048
2048
2048
2048
2048
2048
2048
2048
2048
2048
2048
2048
2048
2048
2048
2048
2048
2048
2048
2048
2048
2048
2048
2048
2048
2048
2048
2048
2048
2048
2048
2048
2048
2048
2048
2048
2048
2048
2048
2048
2048
2048
2048
2048
2048
2048
2048
2048
2048
2048
2048
2048
2048
2048
2048
2048
2048
2048
2048
2048
2048
2048
2048
2048
2048
2048
2048
2048
2048
2048
2048
2048
2048
2048
2048
2048
2048
2048
2048
2048
2048
2048
2048
2048
2048
2048
2048
2048
2048
2048
2048
2048
2048
2048
2048
2048
2048
2048
2048
2048
2048
2048
2048
2048
2048
2048
2048
2048
2048
2048
2048
2048
2048
2048
2048
2048
2048
2048
2048
2048
2048
2048
2048
2048
2048
2048
2048
2048
2048
2048
2048
2048
2048
2048
2048
2048
2048
2048
2048
2048
2048
2048
2048
2048
2048
2048
2048
2048
2048
2048
2048
2048
2048
2048
2048
2048
2048
2048
2048
2048
2048
2048
2048
2048
2048
2048
2048
2048
2048
2048
2048
2048
2048
2048
2048
2048
2048
2048
2048
2048
2048
2048
2048
2048
2048
2048
2048
2048
2048
2048
2048
2048
2048
2048
2048
2048
2048
2048
2048
2048
2048
2048
2048
2048
2048
2048
2048
2048
2048
2048
2048
2048
2048
2048
2048
2048
2048
2048
2048
2048
2048
2048
2048
2048
2048
2048
2048
2048
2048
2048
2048
2048
2048
2048
2048
2048
2048
2048
2048
2048
2048
2048
2048
2048
2048
2048
2048
2048
2048
2048
2048
2048
2048
2048
2048
2048
2048
2048
2048
2048
2048
2048
2048
2048
2048
2048
2048
2048
2048
2048
2048
2048
2048
2048
2048
2048
2048
2048
2048
2048
2048
2048
2048
2048
2048
2048
2048
2048
2048
2048
2048
2048
2048
2048
2048
2048
2048
2048
2048
2048
2048
2048
2048
2048
2048
2048
2048
2048
2048
2048
2048
2048
2048
2048
2048
2048
2048
2048
2048
2048
2048
2048
2048
2048
2048
2048
2048
2048
2048
2048
2048
2048
2048
2048
2048
2048
2048
2048
2048
2048
2048
2048
2048
2048
2048
2048
2048
2048
2048
2048
2048
2048
2048
2048
2048
2048
2048
2048
2048
2048
2048
2048
2048
2048
2048
2048
2048
2048
2048
2048
2048
2048
2048
2048
2048
2048
2048
2048
2048
2048
2048
2048
2048
2048
2048
2048
2048
2048
2048
2048
2048
2048
2048
2048
2048
2048
2048
2048
2048
2048
2048
2048
2048
2048
2048
2048
2048
2048
2048
2048
2048
2048
2048
2048
2048
2048
2048
2048
2048
2048
2048
2048
2048
2048
2048
2048
2048
2048
2048
2048
2048
2048
2048
2048
2048
2048
2048
2048
2048
2048
2048
2048
2048
2048
2048
2048
2048
2048
2048
2048
2048
2048
2048
2048
2048
2048
2048
2048
2048
2048
2048
2048
2048
2048
2048
2048
---------------------------------
2.77944
3.72803
4.20232
4.50415
5.267
6.40133
7.31675
8.25207
8.55721
9.08789
9.65837
11.2504
12.6036
14.01
15.1509
16.0398
16.2919
16.7164
16.8358
17.0746
18.0033
19.1973
21.0282
22.66
25.1012
27.9668
29.6119
30.3814
31.0448
31.4959
32.0265
32.6368
32.8226
33.3002
33.539
33.6186
33.7778
34.1758
34.4942
35.0249
37.3599
38.8458
40.3847
41.5522
44.3648
45.9569
46.9121
49.7778
53.4925
55.403
57.1012
57.8441
59.8607
62.2488
62.8325
64.2653
65.0083
65.2736
65.4328
65.7512
66.8126
67.9801
68.1924
68.1924
68.2454
68.2454
68.2454
68.2454
68.2454
68.2454
68.3516
68.3516
68.3516
68.9884
69.3068
69.7313
71.9602
73.4461
74.5075
74.8259
75.9934
76.0995
78.7529
79.7081
80.5572
81.194
82.5738
86.3947
91.3831
96.796
100.086
104.544
105.605
106.773
110.275
113.353
115.582
117.068
119.085
120.252
124.498
124.816
125.24
126.514
127.788
128.212
129.274
129.38
129.486
130.017
130.017
130.335
130.441
131.184
133.201
133.201
133.307
133.519
134.156
134.156
135.005
135.536
135.96
135.96
136.066
136.279
136.279
136.279
136.491
136.491
136.491
136.703
136.703
136.703
137.128
137.128
137.128
137.128
137.128
137.552
137.552
137.552
137.552
137.552
137.552
137.552
137.552
138.401
138.401
138.401
138.614
138.614
140.312
140.312
143.071
144.345
145.619
146.468
147.529
148.378
150.076
152.411
152.411
153.26
153.685
157.506
161.114
164.935
167.907
170.879
174.275
180.219
192.106
199.96
212.272
213.121
218.003
219.701
223.735
225.433
229.041
233.287
235.834
236.046
237.108
238.381
241.353
242.415
243.688
243.9
247.721
249.632
253.24
260.033
260.458
265.977
266.614
270.01
271.071
271.071
271.071
271.708
271.92
272.769
272.769
272.769
272.769
272.769
272.769
272.769
272.769
272.769
272.769
272.769
272.769
272.769
272.769
272.769
272.769
273.194
273.406
273.406
273.406
273.406
273.406
273.406
273.406
273.406
273.406
273.406
273.406
273.406
273.406
273.406
273.406
273.406
273.406
273.406
273.406
273.406
273.406
273.406
273.406
273.406
273.406
273.406
273.406
273.406
273.406
273.406
273.406
273.406
273.406
273.406
273.406
273.406
273.406
273.406
273.406
273.406
273.406
273.406
273.406
273.406
273.406
273.406
273.406
273.406
273.406
273.406
273.831
277.227
277.227
277.227
277.227
277.227
277.227
277.227
277.227
277.227
277.227
277.652
278.925
281.897
286.143
287.416
289.539
289.964
290.813
290.813
291.662
291.662
291.662
291.662
292.086
293.784
303.124
305.672
309.917
312.889
320.106
324.776
332.418
343.456
361.711
364.259
368.929
376.57
376.57
379.967
382.514
382.514
386.335
386.335
386.335
387.184
395.675
396.1
398.647
399.496
414.779
415.204
419.449
419.874
419.874
419.874
419.874
424.119
425.818
427.516
428.365
430.063
441.95
449.167
451.715
455.536
458.932
459.781
468.272
469.97
471.244
472.942
472.942
474.64
486.103
493.745
494.169
498.415
499.264
499.264
501.811
503.509
503.509
503.509
504.783
511.575
512.425
512.425
512.425
514.547
520.915
520.915
520.915
520.915
520.915
520.915
521.765
531.104
531.104
531.104
531.104
531.104
531.104
533.652
533.652
533.652
533.652
534.501
534.501
534.501
534.501
534.501
534.925
536.624
545.114
545.114
545.114
545.114
545.114
545.114
545.114
545.114
545.114
545.114
545.114
545.114
545.114
545.114
545.114
545.114
545.114
545.114
545.114
545.114
545.114
545.114
545.114
545.114
545.114
545.114
545.114
545.114
545.114
545.114
545.114
545.114
545.114
545.114
545.114
545.114
545.114
545.114
545.114
545.114
545.114
545.114
545.114
545.114
545.114
545.114
545.114
545.114
545.114
545.114
545.114
546.813
546.813
546.813
546.813
546.813
546.813
546.813
546.813
546.813
546.813
546.813
546.813
546.813
546.813
546.813
546.813
546.813
546.813
546.813
546.813
546.813
546.813
546.813
546.813
546.813
546.813
546.813
546.813
546.813
546.813
546.813
546.813
546.813
546.813
546.813
546.813
546.813
546.813
546.813
546.813
546.813
546.813
546.813
546.813
546.813
546.813
546.813
546.813
546.813
546.813
546.813
546.813
546.813
546.813
546.813
546.813
546.813
546.813
546.813
546.813
546.813
546.813
546.813
546.813
546.813
546.813
546.813
546.813
546.813
546.813
546.813
546.813
546.813
546.813
546.813
546.813
546.813
546.813
546.813
546.813
546.813
546.813
546.813
546.813
546.813
546.813
546.813
546.813
550.209
550.209
550.209
553.605
553.605
553.605
553.605
553.605
553.605
553.605
555.303
557.002
557.002
557.002
557.002
557.002
560.398
560.398
560.398
560.398
560.398
560.398
563.794
563.794
563.794
563.794
571.436
572.285
581.625
585.022
585.022
585.022
585.871
596.909
609.645
611.343
611.343
613.891
615.589
619.834
619.834
623.231
623.231
623.231
624.929
628.325
631.721
635.118
651.25
657.194
677.572
677.572
677.572
678.421
681.818
681.818
681.818
681.818
681.818
681.818
682.667
686.063
704.743
704.743
706.441
714.932
721.725
721.725
727.668
727.668
728.517
737.857
753.99
773.519
784.557
813.426
813.426
815.124
821.068
821.917
832.106
840.597
846.541
867.768
869.466
870.315
886.448
890.693
890.693
890.693
890.693
890.693
890.693
891.542
897.486
909.373
930.6
930.6
936.544
936.544
936.544
936.544
936.544
936.544
936.544
936.544
936.544
936.544
936.544
936.544
939.091
939.091
939.091
939.091
939.091
939.091
939.091
939.091
939.091
939.091
939.091
939.091
939.091
939.091
939.94
946.733
950.129
951.828
951.828
951.828
951.828
951.828
953.526
954.375
955.224
965.413
968.809
973.904
985.791
985.791
994.282
997.678
997.678
999.376
999.376
999.376
999.376
999.376
1000.23
1000.23
1000.23
1007.02
1007.02
1007.02
1007.02
1007.02
1007.02
1007.02
1007.87
1007.87
1007.87
1007.87
1007.87
1007.87
1011.26
1011.26
1011.26
1011.26
1011.26
1011.26
1014.66
1015.51
1017.21
1017.21
1017.21
1017.21
1017.21
1017.21
1017.21
1017.21
1017.21
1017.21
1017.21
1024.85
1024.85
1024.85
1024.85
1024.85
1024.85
1024.85
1024.85
1024.85
1024.85
1024.85
1024.85
1024.85
1028.26
1047
1047.85
1047.85
1056.37
1053.06
1054.77
1054.77
1055.63
1060.75
1060.75
1062.46
1062.46
1062.46
1062.46
1062.46
1062.46
1062.46
1067.59
1087.25
1087.25
1087.25
1087.25
1085.65
1085.65
1085.65
1085.65
1085.65
1085.65
1085.65
1085.65
1085.65
1085.65
1085.65
1085.65
1085.65
1085.65
1080.79
1080.79
1080.79
1080.79
1080.79
1080.79
1080.79
1080.79
1080.79
1080.79
1080.79
1080.79
1080.79
1080.79
1080.79
1080.79
1080.79
1080.79
1080.79
1080.79
1080.79
1080.79
1080.79
1080.79
1080.79
1080.79
1080.79
1080.79
1080.79
1080.79
1080.79
1080.79
1080.79
1080.79
1080.79
1080.79
1080.79
1080.79
1080.79
1080.79
1080.79
1080.79
1080.79
1080.79
1080.79
1080.79
1080.79
1080.79
1080.79
1080.79
1080.79
1080.79
1080.79
1080.79
1080.79
1080.79
1080.79
1080.79
1080.79
1080.79
1080.79
1080.79
1080.79
1079.16
1079.16
1079.16
1079.16
1079.16
1079.16
1079.16
1079.16
1075.89
1072.6
1072.6
1072.6
1072.6
1072.6
1072.6
1072.6
1072.6
1072.6
1072.6
1072.6
1072.6
1072.6
1072.6
1072.6
1072.6
1070.94
1069.28
1069.28
1069.28
1069.28
1069.28
1069.28
1069.28
1069.28
1069.28
1069.28
1069.28
1069.28
1069.28
1069.28
1069.28
1069.28
1069.28
1069.28
1069.28
1069.28
1069.28
1069.28
1069.28
1069.28
1069.28
1069.28
1069.28
1069.28
1069.28
1069.28
1069.28
1069.28
1069.28
1069.28
1069.28
1069.28
1067.61
1067.61
1067.61
1067.61
1067.61
1067.61
1067.61
1067.61
1067.61
1067.61
1067.61
1067.61
1067.61
1067.61
1067.61
1067.61
1067.61
1067.61
1067.61
1067.61
1067.61
1067.61
1067.61
1067.61
1067.61
1067.61
1067.61
1067.61
1067.61
1065.94
1065.94
1065.94
1065.94
1065.94
1065.94
1065.94
1065.94
1065.94
1065.94
1065.94
1065.94
1062.58
1062.58
1062.58
1062.58
1062.58
1062.58
1062.58
1062.58
1062.58
1062.58
1062.58
1062.58
1062.58
1062.58
1062.58
1062.58
1062.58
1062.58
1062.58
1059.19
1059.19
1059.19
1059.19
1059.19
1059.19
1059.19
1057.49
1057.49
1057.49
1057.49
1057.49
1057.49
1057.49
1057.49
1057.49
1057.49
1057.49
1057.49
1057.49
1057.49
1057.49
1057.49
1057.49
1057.49
1057.49
1057.49
1055.78
1055.78
1055.78
1055.78
1055.78
1055.78
1055.78
1055.78
1055.78
1055.78
1055.78
1055.78
1055.78
1055.78
1055.78
1055.78
1055.78
1055.78
1055.78
1055.78
1055.78
1055.78
1055.78
1055.78
1055.78
1055.78
1055.78
1052.35
1052.35
1048.89
1048.89
1048.89
1048.89
1048.89
1048.89
1048.89
1048.89
1048.89
1048.89
1048.89
1047.15
1047.15
1045.41
1045.41
1045.41
1045.41
1045.41
1045.41
1045.41
1045.41
1045.41
1045.41
1045.41
1045.41
1045.41
1045.41
1045.41
1045.41
1045.41
1045.41
1045.41
1045.41
1045.41
1045.41
1045.41
1045.41
1047.19
1047.19
1047.19
1047.19
1050.76
1050.76
1050.76
1050.76
1050.76
1050.76
1050.76
1047.27
1050.85
1050.85
1047.35
1047.35
1047.35
1047.35
1049.15
1049.15
1074.3
1097.66
1097.66
1097.66
1097.66
1097.66
1097.66
1099.45
1103.05
1103.05
1103.05
1103.05
1103.05
1103.05
1103.05
1117.42
1119.21
1122.81
1122.81
1122.81
1122.81
1122.81
1128.2
1128.2
1128.2
1128.2
1135.38
1133.78
1133.78
1133.78
1135.58
1149.98
1149.98
1149.98
1149.98
1149.98
1149.98
1149.98
1149.98
1148.39
1148.39
1148.39
1150.2
1157.41
1164.62
1179.04
1179.04
1179.04
1179.04
1179.04
1179.04
1179.04
1180.85
1191.66
1195.27
1236.73
1236.73
1236.73
1236.73
1236.73
1236.73
1236.73
1236.73
1236.73
1236.73
1236.73
1236.73
1236.73
1236.73
1236.73
1236.73
1236.73
1236.73
1236.73
1236.73
1236.73
1236.73
1236.73
1236.73
1236.73
1236.73
1236.73
1236.73
1236.73
1236.73
1236.73
1236.73
1236.73
1236.73
1236.73
1236.73
1236.73
1236.73
1236.73
1236.73
1236.73
1236.73
1235.3
1235.3
1235.3
1235.3
1235.3
1235.3
1235.3
1235.3
1237.11
1302.12
1446.6
1517.04
1529.68
1574.83
1580.25
1634.43
1634.43
1666.93
1672.35
1694.02
1703.05
1703.05
1703.05
1703.05
1703.05
1703.05
1703.05
1703.05
1703.05
1704.86
1704.86
1704.86
1704.86
1704.86
1704.86
1704.86
1704.86
1704.86
1704.86
1704.86
1704.86
1704.86
1706.67
1730.14
1730.14
1730.14
1730.14
1735.56
1735.56
1735.56
1735.56
1735.56
1735.56
1735.56
1735.56
1735.56
1735.01
1735.01
1733.9
1733.9
1733.9
1733.9
1733.9
1733.9
1733.9
1733.9
1733.9
1733.9
1741.16
1781.11
1781.11
1781.11
1781.11
1781.11
1781.11
1781.11
1781.11
1780.16
1780.16
1780.16
1780.16
1781.98
1785.62
1805.67
1805.67
1805.67
1805.67
1805.67
1805.67
1805.67
1805.67
1805.67
1805.67
1805.67
1805.67
1805.67
1805.67
1805.67
1805.67
1805.67
1805.67
1805.67
1805.67
1805.67
1805.67
1805.67
1805.67
1805.67
1805.67
1805.67
1805.67
1805.67
1805.67
1805.67
1805.67
1805.67
1805.67
1805.67
1805.67
1805.67
1805.67
1805.67
1805.67
1805.67
1805.67
1805.67
1805.67
1805.67
1805.67
1805.67
1805.67
1805.67
1805.67
1805.67
1807.49
1809.31
1831.17
1836.64
1867.62
1874.9
1898.59
1944.14
1955.07
2004.27
2004.27
2004.27
2004.27
2004.27
2004.27
2004.27
2004.27
2004.27
2004.27
2004.27
2004.27
2004.27
2004.27
2004.27
2004.27
2004.27
2004.27
2004.27
2004.27
2004.27
2004.27
2004.27
2004.27
2004.27
2004.27
2004.27
2004.27
2004.27
2004.27
2004.27
2004.27
2004.27
2004.27
2004.27
2004.27
2004.27
2004.27
2004.27
2004.27
2004.27
2004.27
2004.27
2004.27
2004.27
2004.27
2004.27
2004.27
2004.27
2004.27
2004.27
2004.27
2020.67
2020.67
2020.67
2020.67
2020.67
2020.67
2020.67
2020.67
2020.67
2020.67
2020.67
2020.67
2020.67
2020.67
2020.67
2029.78
2048
2048
2048
2048
2048
2048
2048
2048
2048
2048
2048
2048
2048
2048
2048
2048
2048
2048
2048
2048
2048
2048
2048
2048
2048
2048
2048
2048
2048
2048
2048
2048
2048
2048
2048
2048
2048
2048
2048
2048
2048
2048
2048
2048
2048
2048
2048
2048
2048
2048
2048
2048
2048
2048
2048
2048
2048
2048
2048
2048
2048
2048
2048
2048
2048
2048
2048
2048
2048
2048
2048
2048
2048
2048
2048
2048
2048
2048
2048
2048
2048
2048
2048
2048
2048
2048
2048
2048
2048
2048
2048
2048
2048
2048
2048
2048
2048
2048
2048
2048
2048
2048
2048
2048
2048
2048
2048
2048
2048
2048
2048
2048
2048
2048
2048
2048
2048
2048
2048
2048
2048
2048
2048
2048
2048
2048
2048
2048
2048
2048
2048
2048
2048
2048
2048
2048
2048
2048
2048
2048
2048
2048
2048
2048
2048
2048
2048
2048
2048
2048
2048
2048
2048
2048
2048
2048
2048
2048
2048
2048
2048
2048
2048
2048
2048
2048
2048
2048
2048
2048
2048
2048
2048
2048
2048
2048
2048
2048
2048
2048
2048
2048
2048
2048
2048
2048
2048
2048
2048
2048
2048
2048
2048
2048
2048
2048
2048
2048
2048
2048
2048
2048
2048
2048
2048
2048
2048
2048
2048
2048
2048
2048
2048
2048
2048
2048
2048
2048
2048
2048
2048
2048
2048
2048
2048
2048
2048
2048
2048
2048
2048
2048
2048
2048
2048
2048
2048
2048
2048
2048
2048
2048
2048
2048
2048
2048
2048
2048
2048
2048
2048
2048
2048
2048
2048
2048
2048
2048
2048
2048
2048
2048
2048
2048
2048
2048
2048
2048
2048
2048
2048
2048
2048
2048
2048
2048
2048
2048
2048
2048
2048
2048
2048
2048
2048
2048
2048
2048
2048
2048
2048
2048
2048
2048
2048
2048
2048
2048
2048
2048
2048
2048
2048
2048
2048
2048
2048
2048
2048
2048
2048
2048
2048
2048
2048
2048
2048
2048
2048
2048
2048
2048
2048
2048
2048
2048
2048
2048
2048
2048
2048
2048
2048
2048
2048
2048
2048
2048
2048
2048
2048
2048
2048
2048
2048
2048
2048
2048
2048
2048
2048
2048
2048
2048
2048
2048
2048
2048
2048
2048
2048
2048
2048
2048
2048
2048
2048
2048
2048
2048
2048
2048
2048
2048
2048
2048
2048
2048
2048
2048
2048
2048
2048
2048
2048
2048
2048
2048
2048
2048
2048
2048
2048
2048
2048
2048
2048
2048
2048
2048
2048
2048
2048
2048
2048
2048
2048
2048
2048
2048
2048
2048
2048
2048
2048
2048
2048
2048
2048
2048
2048
2048
2048
2048
2048
2048
2048
2048
2048
2048
2048
2048
2048
2048
2048
2048
2048
2048
2048
2048
2048
2048
2048
2048
2048
2048
2048
2048
2048
2048
2048
2048
2048
2048
2048
2048
2048
2048
2048
2048
2048
2048
2048
2048
2048
2048
2048
2048
2048
2048
2048
2048
2048
2048
2048
2048
2048
2048
2048
2048
2048
2048
2048
2048
2048
2048
2048
2048
2048
2048
2048
2048
2048
2048
2048
2048
2048
2048
2048
2048
2048
2048
2048
2048
2048
2048
2048
2048
2048
2048
2048
2048
2048
2048
2048
2048
2048
2048
2048
2048
2048
2048
2048
2048
2048
2048
2048
2048
2048
2048
2048
2048
2048
2048
2048
2048
2048
2048
2048
2048
2048
2048
2048
2048
2048
2048
2048
2048
2048
2048
2048
2048
2048
2048
2048
2048
2048
2048
2048
2048
2048
2048
2048
2048
2048
2048
2048
2048
2048
2048
2048
2048
2048
2048
2048
2048
2048
2048
2048
2048
2048
2048
2048
2048
2048
2048
2048
2048
2048
2048
2048
2048
2048
2048
2048
2048
2048
2048
2048
2048
2048
2048
2048
2048
2048
2048
2048
2048
2048
2048
2048
2048
2048
2048
2048
2048
2048
2048
2048
2048
2048
2048
2048
2048
2048
2048
2048
2048
2048
2048
2048
2048
2048
2048
2048
2048
2048
2048
2048
2048
2048
2048
2048
2048
2048
2048
2048
2048
2048
2048
2048
2048
2048
2048
2048
2048
2048
2048
2048
2048
2048
2048
2048
2048
2048
2048
2048
2048
2048
2048
2048
2048
2048
2048
2048
2048
2048
2048
2048
2048
2048
2048
2048
2048
2048
2048
2048
2048
2048
2048
2048
2048
2048
2048
2048
2048
2048
2048
2048
2048
2048
2048
2048
2048
2048
2048
2048
2048
2048
2048
2048
2048
2048
2048
2048
2048
2048
2048
2048
2048
2048
2048
2048
2048
2048
2048
2048
2048
2048
2048
2048
2048
2048
2048
2048
2048
2048
2048
2048
2048
2048
2048
2048
2048
2048
2048
2048
2048
2048
2048
2048
2048
2048
2048
2048
2048
2048
2048
2048
2048
2048
2048
2048
2048
2048
2048
2048
2048
2048
2048
2048
2048
2048
2048
2048
2048
2048
2048
2048
2048
2048
2048
2048
2048
2048
2048
2048
2048
2048
2048
2048
2048
2048
2048
2048
2048
2048
2048
2048
2048
2048
2048
2048
2048
2048
2048
2048
2048
2048
2048
2048
2048
2048
2048
2048
2048
2048
2048
2048
2048
2048
2048
2048
2048
2048
2048
2048
2048
2048
2048
2048
2048
2048
---------------------------------
