0
1
7.5
14
24
36
41
44
49
57
70
99
122
133
140
140
148
161
167
176
188
198
214
247
255
273
313
327
344
366
377
381
391
412
430
440
447
456
485
541
571
620
679
687
702
715
746
747
754
763
782
793
798
808
826
856
870
880
885
903
908
919
931
941
949
997
1018
1030
1063
1073
1079
1092
1112
1126
1134
1136
1153
1169
1207
1248
1256
1268
1292
1293
1299
1306
1330
1349
1397
1405
1407
1431
1456
1491
1558
1692
1722
1773
1794
1820
1849
1862
1879
1879
1910
1972
2077
2087
2093
2104
2112
2122
2132
2145
2229
2245
2267
2280
2291
2313
2326
2358
2374
2394
2398
2422
2440
2460
2501
2543
2600
2604
2610
2635
2664
2671
2675
2678
2689
2714
2729
2744
2758
2781
2797
2807
2831
2837
2847
2854
2868
2871
2881
2897
2906
2909
2922
2952
3005
3072
3076
3104
3139
3213
3237
3261
3272
3283
3297
3318
3378
3454
3564
3776
3872
3890
3896
3908
3920
3923
3930
3936
3946
3996
4001
4010
4067
4179
4185
4191
4202
4208
4234
4240
4248
4258
4270
4285
4298
4319
4364
4439
4541
4742
4753
4768
4787
4799
4817
4827
4827
4839
4863
4874
4890
4919
4973
5009
5049
5049
5063
5093
5143
5211
5212
5222
5229
5250
5267
5270
5299
5339
5354
5376
5384
5386
5409
5448
5531
5540
5543
5550
5563
5566
5573
5575
5583
5672
5683
5692
5717
5727
5737
5739
5746
5767
5807
5824
5833
5849
5857
5859
5879
5910
5973
6105
6309
6330
6418
6494
6622
6630
6643
6654
6668
6670
6677
6679
6687
6695
6719
6736
6759
6762
6788
6825
6858
6867
6873
6878
6894
6897
6915
6951
7013
7116
7118
7132
7164
7172
7186
7194
7199
7256
7271
7291
7309
7310
7319
7345
7383
7444
7467
7483
7491
7500
7507
7540
7611
7626
7824
8331
9106
9113
9122
9135
9142
9272
9279
9294
9332
9401
9530
9536
9538
9546
9560
9566
9574
9583
9599
9615
9619
9631
9643
9650
9653
9660
9696
9735
9743
9749
9758
9784
9814
9918
9927
9938
9946
9954
9968
9976
9980
9981
9988
10001
10002
10036
10059
10073
10078
10092
10105
10114
10117
10138
10204
10228
10235
10248
10274
10327
10447
10695
10731
10775
10782
10797
10810
10826
10828
10834
10852
10853
10856
10863
10866
10887
10926
10984
11018
11027
11040
11166
11222
11230
11233
11245
11267
11278
11293
11317
11355
11357
11365
11377
11482
11504
11511
11526
11535
11539
11540
11547
11568
11571
11602
11651
11759
11967
12003
12021
12440
12480
12498
12532
12532
12540
12547
12563
12577
12594
12624
12675
12682
12695
12702
12704
12726
12760
12761
12770
12773
12786
12803
12828
12837
12838
12924
12926.3
12933.1
12948
12956
12973.1
13005.1
13013.1
13020
13042.9
13042.9
13135.4
13260
13274.9
13274.9
13284
13302.3
13321.7
13328.6
13336.6
13352.6
13381.1
13436
13444
13463.4
13504.6
13513.7
13528.6
13556
13564
13565.1
13588
13599.4
13609.7
13616.6
13656.6
13701.1
13708
13710.3
13721.7
13736.6
13764
13826.9
13829.1
13837.1
13850.9
13858.9
13858.9
13866.9
13884
13894.3
13901.1
13901.1
13901.1
13876
13924
13964
13964
13972
13972
13980
13996
14004
14012
14028
14036
14036
---------------------------------
1.24069
2.57072
4.65509
6.87841
11.2854
15.871
19.8015
23.0074
26.6799
31.5831
37.3697
43.9007
50.3623
57.6675
64.5658
71.3449
76.8635
83.5037
89.9553
96.7841
102.739
111.047
121.886
133.935
147.097
160.139
170.501
179.891
188.238
195.236
203.434
210.392
217.767
225.29
231.742
238.541
248.635
256.387
267.097
276.645
288.516
302.094
316.635
330.035
343.216
357.012
373.985
384.665
400.963
414.104
425.548
437.737
448.496
458.392
469.737
478.928
488.427
497.449
503.911
513.34
522.61
532.467
544.546
552.943
562.7
572.814
579.434
586.551
594.878
604.963
615.414
628.417
640.576
653.529
668.347
683.266
704.546
722.055
733.955
746.065
757.002
770.114
782.849
805.052
824.685
836.218
851.682
867.692
882.868
895.385
911.643
932.427
948.546
965.985
985.578
1008.49
1026.39
1042.36
1052.21
1062.57
1076.06
1091.37
1105.01
1117.82
1132
1140.98
1151.51
1164.08
1178.75
1189.97
1203.31
1216.1
1228.19
1238.74
1247.63
1258.73
1271.14
1283.47
1296.01
1305.31
1315.16
1328.7
1341.19
1351.55
1363.21
1374.46
1389.84
1401.81
1412.33
1419.9
1428.83
1437.75
1448.42
1458.85
1470.76
1482.19
1490.47
1502.04
1511.23
1526.44
1537.2
1549.49
1566.84
1583.66
1599.64
1619.41
1636.69
1654.84
1676.38
1687.57
1701.6
1716.18
1732.05
1744.34
1756.58
1770.92
1786.07
1810.07
1829.78
1849.25
1859.8
1876.12
1893.55
1908.91
1923.27
1945.02
1977.88
1997.18
2022.6
2044.83
2069.55
2089.13
2104.75
2126.37
2145.29
2164.2
2176.89
2192.72
2205.98
2215.39
2229.12
2244.93
2256.76
2272.15
2285.97
2300.03
2320.97
2350.26
2374.94
2406.72
2434.22
2458.19
2490.19
2508.16
2535.68
2545.44
2556.3
2566.79
2579.61
2594.94
2611.75
2627.49
2645.46
2658.21
2670.93
2687.83
2705.9
2717.96
2729.35
2745.86
2762.25
2775.25
2786.84
2804.21
2820.17
2827.87
2836.77
2849.14
2863.3
2877.83
2893.71
2908.39
2917.47
2929.39
2942.55
2949.61
2958.73
2968.65
2978.15
2989.23
2999.52
3011.97
3022.62
3032.81
3044.41
3056.51
3070.21
3087.24
3103.52
3113.59
3122.14
3130.38
3140.08
3151.85
3165.2
3180.45
3198.95
3217.23
3238.42
3249.7
3270.4
3295.65
3334.04
3348.7
3365.71
3375.92
3387.73
3397.23
3405.96
3415.89
3428.99
3442.6
3460.75
3477.29
3488.91
3498.94
3514.13
3525.89
3536.89
3552.64
3565.64
3575.59
3583.45
3592.42
3604.06
3621.85
3632.51
3646.42
3658.04
3670.87
3685.75
3704.24
3736.18
3770.04
3790.22
3801.74
3827.7
3851.34
3871.83
3880.67
3896.78
3912.32
3924.69
3940.72
3958.81
3975.81
3998.46
4021.92
4056.48
4119.2
4187.56
4224.01
4262.59
4300.04
4362.3
4442.57
4480.39
4491.62
4511.02
4522.65
4532.41
4543.16
4555.51
4568.83
4584.54
4596.45
4607.68
4619.03
4635.86
4649.6
4656.9
4663.59
4671.99
4680.88
4690.99
4707.78
4729.78
4758.45
4797.93
4831.64
4877.6
4934.34
4965.65
5007.69
5054.15
5109.73
5133.32
5146.65
5159.3
5171.9
5190.98
5212.04
5237.94
5256.51
5277.64
5295.37
5306.29
5318.56
5335.28
5346.47
5355.55
5365.19
5374.51
5384.98
5403.64
5427.74
5443.75
5468.03
5492.05
5510.63
5538.99
5548.42
5559.86
5580.5
5612.23
5629.67
5642.23
5666.03
5677.18
5689.38
5700.66
5717.42
5727.38
5741.07
5752.18
5764.79
5779.75
5792.88
5801.17
5816.83
5842.42
5860.92
5880.95
5899.48
5914.48
5922.82
5935.32
5945.07
5957.54
5969.73
5982.1
5996.42
6006.48
6019.94
6032.75
6036.07
6054.47
6074.88
6071.91
6080.35
6090.11
6098.25
6107.63
6117.57
6129.46
6144.55
6158.2
6173.76
6195.05
6227.93
6268.99
6285.87
6290.99
6308.74
6322.42
6333.05
6342.46
6352.81
6367.25
6386.35
6405.89
6422.01
6443.32
6464.79
6485.18
6512.04
6528.14
6543.24
6551.48
6561.7
6568.98
6578.65
6588.18
6599.08
6606.87
6617.81
6626.16
6638.6
6657
6671.08
6680.29
6705.2
6713.53
6733.04
6746.42
6762.21
6761.81
6768.77
6777.22
6791.65
6803.65
6819.68
6838.48
6863.29
6891.28
6931.77
6937.16
6959.38
6987.92
7016.23
7035.8
7049.34
7063.05
7070.39
7082.32
7091.09
7099.27
7109.85
7128.77
7145.1
7162.65
7186.08
7208.44
7220.51
7230.06
7237.34
7247.26
7232.44
7243.38
7252.76
7261.27
7268.17
7278.78
7297.61
7325.21
7356.03
7404.9
7419.89
7426.88
7436.92
7451.3
7470.68
7448.79
7471.62
7492.4
7515.69
7521.74
7531.16
7525.9
7536.95
7546.95
7559.85
7574.42
7587.75
7598.96
7594.91
7608.47
7624.1
7642.94
7663.82
7676.15
7683.65
7695.23
7702.99
7709.82
7716.99
7725.91
7739.02
7760.24
7787.75
7809.24
7838.97
7872.37
7905.19
7919.63
7932.46
7944.76
7964.08
7982.94
8025.45
8061.62
8071.66
8080.96
8092.01
8087.94
8105.16
8121.43
8131.79
8129.95
8142.42
8150.08
8159.98
8169.27
8176.45
8170.83
8183.96
8198.96
8223.96
8254.79
8279.24
8311.52
8334.25
8359.19
8386.25
8404.57
8438.35
8457.33
8470.9
8485.72
8497.77
8513.96
8522.22
8531
8543.07
8560.03
8573.44
8585.43
8596.85
8607.47
8623.89
8630.63
8639.25
8647.72
8604.66
8613.98
8624.36
8632.11
8639.04
8648.95
8642.32
8656.77
8680.97
8708.9
8759.3
8821.22
8912.41
8981.86
9124.72
9281.63
9297.34
9332.8
9392.57
9392.29
9407.11
9413.63
9422.82
9439.54
9458.46
9447.56
9465.02
9495.01
9514.74
9535.44
9565.31
9578.71
9592.9
9638.98
9649.96
9657.08
9663.61
9674.1
9681.31
9690.31
9700.93
9715.41
9733.46
9744.61
9763.29
9779.01
9802.11
9799.11
9820.05
9842.02
9860.01
9891.52
9886.81
9906.13
9919.85
9937.4
9954.5
9967.41
9979.7
9986.54
9993.31
10003.3
10012.4
10023.9
10039.5
10045.9
10052.4
10057.3
10064.3
10074
10090.1
10113.1
10141.4
10168.3
10189.8
10185.2
10233.3
10305.8
10395.3
10430.8
10478.1
10515.7
10521.6
10528.5
10537.4
10548.8
10556.7
10569.5
10588.8
10607.2
10629.7
10662.8
10675.9
10692.6
10658.6
10676.4
10689.5
10700.2
10707.7
10693
10703.7
10715.9
10723.9
10732.5
10749
10780.2
10807.9
10862.9
10900
10974.8
10989.7
10958.5
10980.1
11015.1
11051.4
11061.3
11073
11093.3
11128.5
11177.2
11251.7
11264.4
11276.6
11286.5
11299.6
11312.5
11319.6
11329.4
11339.8
11357
11373.5
11380.9
11389.8
11401.3
11415.3
11433.7
11452.2
11453.5
11493.7
11548.6
11564.8
11587.7
11596
11607.4
11624.7
11635.4
11645.9
11653.9
11662
11673.6
11688
11717.1
11760.1
11771.7
11784.4
11798.1
11821.3
11835.6
11852.7
11865.3
11891.2
11921.8
11939.8
11951
11957.8
11965
11976.2
11986.6
11976.1
11990.6
12008.7
12022.5
12033.1
12044.7
12057.8
12066.8
12076.1
12086.4
12098.4
12110.8
12125.2
12143.1
12166.1
12185.7
12203.9
12219.7
12232
12245.7
12267.5
12278.7
12289.2
12301.4
12313.6
12319.5
12325.2
12333
12338.4
12349.9
12360.8
12374.9
12389.6
12409.1
12426.7
12448.1
12477.8
12505
12526
12565.4
12576.1
12595.5
12610.1
12560.6
12573.6
12586.7
12601.2
12612.4
12632.3
12644.7
12660.1
12672
12686.7
12696.4
12710.9
12729.5
12741.7
12753.6
12769.6
12787.6
12795.9
12805.9
12821.6
12835.7
12852.3
12862.1
12871.8
12886.8
12912.8
12927.3
12939.1
12951.2
12959
12971.7
12978.6
12985
12993.4
13001.2
13010.1
13028.4
13056.1
13093.6
13126.3
13170.2
13180.8
13199
13214.7
13225.7
13235.4
13243.6
13256.9
13270.6
13285.1
13311.9
13347
13368.5
13394.8
13452.1
13489.5
13508.8
13561.6
13575.9
13587.8
13597
13610.4
13628.1
13661.3
13687.9
13694.1
13706.6
13720.7
13736.9
13752.2
13772.5
13789
13807.6
13831.4
13869.7
13924
13933.5
13945.3
13951.5
13957
13964.3
13972.7
13979
13987.3
13996.7
14007.6
14020.8
14042.7
14056.4
14071.9
14085.1
14101.5
14111.1
14121.4
14137.7
14153.6
14159.7
14169
14178.5
14191.2
14201.5
14212.8
14222.8
14235.5
14253
14272.8
14281.5
14294.9
14307.7
14328.1
14345.1
14351.4
14356.8
14363.7
14371.8
14380.1
14395.9
14411.7
14430.7
14457.6
14495.2
14516.7
14579.1
14587.7
14598.3
14610.1
14619.4
14626.8
14635.8
14650.2
14666.7
14680.6
14697.4
14714.1
14725.1
14736.4
14751.3
14770.8
14791.8
14826.5
14837.9
14861.4
14885.9
14922.4
14948.6
14957
14968.1
14976.2
14987.8
15000.8
15016.1
15034.8
15055.4
15078.6
15089.4
15098.4
15114.9
15129.9
15139.1
15149.6
15161.1
15168.9
15179.6
15194.6
15211.1
15223.7
15238.8
15254.1
15275.3
15284.3
15292.3
15299.5
15316.8
15324.7
15330.4
15337.7
15344.2
15356.3
15366.9
15384.4
15395.2
15409
15445.6
15471.7
15480.9
15489.1
15499.4
15506.5
15516.7
15529.2
15537.9
15546.2
15562.4
15593.2
15632.6
15653.6
15682.6
15710.5
15728.5
15744.3
15753.3
15766.5
15773.5
15789.3
15797.1
15807.9
15818.7
15837.4
15863
15906.4
15974.6
15987.1
15995.6
16003.8
16018.2
16041.2
16050.6
16068.3
16089
16105.4
16138.7
16165.3
16200.9
16213.7
16224.2
16230.2
16243.5
16253.9
16266.2
16276.5
16292.3
16302.6
16313.3
16325
16331.3
16338.1
16350.6
16360.1
16365.7
16370
16378.6
16390
16405.1
16434
16456.1
16474.7
16484.8
16500.2
16511.7
16526.2
16547.3
16563.2
16573
16581.4
16590.3
16595.4
16603.3
16611.4
16623.5
16637.3
16652.7
16672.5
16694.2
16725.4
16735.1
16739
16743.4
16754.5
16766.8
16782.2
16799.4
16826.3
16837.6
16851.2
16876.8
16899.8
16931.3
16946.7
16977
17049.7
17093.3
17118.7
17152.5
17157.9
17166.3
17173.5
17181
17187.2
17194.6
17204.6
17239
17291
17300.6
17322.6
17365.4
17372.6
17380.7
17389.3
17398.4
17407.7
17415.1
17420.4
17426.5
17433.8
17443
17453.1
17466.8
17489.1
17503.1
17529.8
17541.2
17552.8
17559.3
17576.6
17592.1
17607.2
17632.7
17671.8
17729
17738.3
17748.9
17769.6
17781.8
17837.5
17852.8
17865.5
17881.3
17894.1
17899.2
17909.4
17916.6
17923.7
17934.6
17944.8
17950.9
17958.7
17964.1
17973.1
17998.7
18062.5
18076.2
18094.7
18106.1
18120.9
18132.9
18149.2
18176.9
18188.2
18201.9
18213.5
18220.1
18229.5
18233.7
18239.1
18247.8
18267.2
18373.3
18393.8
18411.3
18425.9
18438.4
18450.9
18458.7
18469.6
18476.8
18485.1
18494.7
18496.9
18501.4
18507.9
18519.1
18533.5
18558.7
18597.8
18638.8
18663.2
18700.3
18712.6
18728.4
18743.8
18760.7
18768.4
18779.7
18791.7
18802.6
18811.7
18831
18929.6
18943.4
18958.7
18966.3
18983.2
18990.3
19000.6
19016.3
19021.7
19036.5
19044.6
19050
19055.6
19062.5
19068.2
19074.1
19086.1
19098.9
19114.4
19147.9
19203.6
19245.9
19260.2
19267.2
19281.4
19295.5
19320.1
19328.8
19391.7
19412.4
19422.8
19440.5
19449.4
19453.4
19464
19476.3
19483.2
19491.8
19506.3
19520.1
19535.4
19542.2
19549.5
19557.3
19562.4
19566.2
19570.6
19580.5
19597.5
19621.8
19663.9
19755.9
19777
19792.3
19814.1
19847.3
19869.2
19902.1
19906.7
19925.2
19984.5
19991.1
19995.1
20003
20008
20020.1
20039.4
20050.9
20060.3
20078.1
20084.3
20092.7
20104.1
20112.1
20119.1
20126.1
20133.6
20143.1
20152.6
20169.9
20188.3
20195.9
20207.6
20219.8
20238
20265.5
20274.1
20290.2
20301.1
20310.3
20327.7
20332.4
20337.7
20343
20352.8
20364.6
20378.8
20386.5
20393.1
20404
20418.1
20424
20430.7
20439.5
20450
20458
20465
20469.6
20475.6
20482.4
20490.8
20497.8
20511
20528.2
20551.5
20584.7
20618.9
20623.3
20639.3
20696.5
20706.5
20713
20721.8
20731.3
20735.5
20742.1
20758.1
20771.8
20797.2
20815.9
20831.6
20876.8
20890.3
20894.7
20904.8
20917.3
20932
20941.4
20949.2
20961.1
20981.1
21019.6
21079.7
21085.5
21097
21102.9
21114.9
21137.6
21168.4
21176.8
21182.2
21203.9
21260.5
21266.2
21275.7
21289.6
21294.2
21305.6
21309.5
21318.4
21329.2
21349.7
21372.2
21384.5
21387.5
21393.1
21398.8
21406.2
21413.6
21423.7
21469.8
21477.3
21481.9
21494
21507.8
21525.1
21556.2
21564.1
21588.3
21602.7
21623.5
21627.4
21637.2
21651
21669.8
21693.3
21695.9
21701.1
21710.2
21738.2
21787.5
21804.4
21808.8
21813.3
21822.1
21828.1
21835.6
21849.8
21865.8
21871.4
21877.9
21886
21891.4
21892.6
21897.7
21907.6
21910.8
21927.7
21947.2
21987.2
22040.9
22065.8
22087.4
22089.1
22094
22102.9
22109.5
22122.6
22126.2
22133.8
22136.9
22142.9
22154.4
22171.5
22178.3
22191.5
22192.7
22196.4
22205.5
22210.4
22217.2
22237.7
22275.2
22587.6
22598.8
22602.3
22608.5
22614.9
22621.9
22633.9
22706.9
22771
22820.3
22826
22832.6
22841.8
22844.9
22841.7
22831.1
22536.9
22542
22547.5
22551.5
22554.8
22557.4
22564.8
22570.3
22573.7
22579.1
22603.6
22627.6
22637.8
22648.1
22652.1
22657.7
22666.9
22677.9
22694
22694.6
22728
22793.3
22800.6
22804.3
22812.6
22828.9
22861.5
22908.3
22917.8
22941.2
22944
22945.6
22949.9
22958.1
22960.6
22969.4
22980
22981.9
22992
22993.6
22998.5
23009.5
23036.6
23056.9
23057.6
23060.6
23065.9
23078.8
23094.9
23097.4
23098.9
23105.5
23118.5
23137.7
23170.5
23230.1
23351.4
23589.1
24068.8
24692.1
24696.4
24704.6
24706.5
25124
25132.1
25151.2
25152
25155.2
25156
25159.2
25160.8
25168.8
25176
25180.8
25190.5
25210.6
25240
25244.8
25254.5
25268
25271.2
25272
25277.7
25287.2
25288
25292.8
25302.5
25316
25325.8
25366.9
25427.2
25427.2
25428
25431.2
25432
25436.8
25444
25447.2
25448
25451.2
25452
25457.7
25473
25496.8
25504
25510.5
25523.2
25524
25527.2
25527.2
25528
25532
25539.3
25558.5
25577.8
25603.2
25604
25607.2
25608
25613.7
25623.2
25629
25658.6
25700.4
25778.5
25883.2
25883.2
25885.7
25898.5
25911.2
25912
25916.8
25924
25927.2
25928
25932
25938.5
25954.5
25974.6
26003.2
26003.2
26004
26007.2
26008
26012
26019.3
26039.3
26055.2
26055.2
26055.2
26056
26061.7
26074.5
26093.8
26133.2
26187.2
26189.7
26200
26203.2
26204
26208.8
26215.2
26216
26225
26248.8
26256
26259.2
26260
26264.8
26275.3
26298.6
26327.2
26327.2
26329.7
26340
26343.2
26344
26348.8
26359.3
26376.8
26383.2
26384
26387.2
26388
26392.8
26402.5
26422.6
26464.4
26542.5
26700.1
26905.7
26918.5
26932
26936
26939.2
26939.2
26939.2
26940
26945.7
26956.8
26963.2
26964
26968
26973.7
26986.5
27006.6
27036.8
27046.5
27060
27063.2
27065.7
27076
27079.2
27080
27084.8
27095.3
27112.8
27119.2
27120
27123.2
27124
27128
---------------------------------
1.34628
2.55016
5.21683
7.76699
11.301
15.9482
20.6472
24.1424
28.1036
33.3851
39.0162
47.1456
54.3172
61.4239
67.3657
73.4757
78.835
85.657
93.7864
101.644
112.129
120.026
129.269
140.091
150.045
159.625
168.207
177.773
187.508
196.337
204.078
210.757
217.696
225.437
232.181
238.46
247.197
256.738
268.453
275.974
283.379
294.706
307.728
321.191
337.256
346.809
361.269
373.838
385.579
397.049
409.437
419.379
433.398
448.518
461.735
471.353
484.479
493.243
502.408
513.657
526.55
537.903
546.434
553.903
561.761
570.032
577.916
585.838
594.951
603.935
614.032
624.026
634.006
649.761
661.67
674.654
685.877
701.32
719.922
735.495
747.676
762.369
781.346
798.472
816.725
847.223
860.039
872.194
883.223
893.049
904.013
919.676
940.44
957.23
974.214
990.693
1004.65
1023.83
1045.32
1065.23
1074.69
1086.1
1101.04
1114.07
1125.06
1136.49
1148.75
1161.26
1174.03
1182.16
1192.71
1202.3
1217.72
1231.3
1248.18
1261.37
1278.94
1294.47
1304.84
1318.49
1332.84
1345.02
1356.22
1364.43
1375.44
1386.56
1397.04
1405.86
1418.3
1432.62
1443.84
1453.99
1466.29
1475.86
1483.12
1493.88
1503.57
1516.32
1529
1543.24
1562.86
1574.89
1583.91
1595.68
1609.04
1624.47
1634.28
1644.66
1655
1668.85
1686.89
1703.52
1718.5
1739.82
1753.72
1769.55
1782.76
1793.89
1808.08
1823.83
1845.02
1863.24
1878.6
1891.81
1905.04
1918.21
1935.21
1955.28
1978.52
2003.86
2023.44
2042.1
2068.74
2089.5
2108.18
2135.59
2145.99
2165.72
2192.67
2204.21
2221.77
2244.54
2280.08
2301.48
2323.69
2349.86
2399.95
2416.88
2440.04
2464.35
2482.12
2497.04
2509.4
2528.75
2547.84
2559.02
2573.93
2585.51
2600.4
2615.96
2630.16
2643.42
2657.23
2666.73
2676.63
2689.42
2701.73
2721.13
2735.74
2751.34
2761.15
2770.5
2781.73
2792.88
2810.41
2827.38
2843.3
2854.36
2867.83
2882.96
2905.07
2918.37
2928.38
2939.75
2950.64
2962.23
2981.23
2996.36
3006.07
3015.2
3024.69
3034.19
3047.31
3057.8
3068.25
3079.53
3092.22
3110.78
3131.46
3142.24
3157.15
3166.21
3180.19
3196.82
3211.15
3230.64
3257.67
3276.88
3290.34
3308.85
3329.88
3347.68
3365.1
3389.42
3404.53
3412.62
3424.09
3431.83
3441.19
3451.73
3462.98
3478.89
3497.46
3509.62
3524.72
3538.96
3548.35
3556.7
3568.78
3581.84
3590.94
3598.46
3609.37
3618.83
3632.41
3645.02
3666.25
3683.91
3701.1
3717.27
3735.04
3749.11
3769.89
3798.1
3808.09
3826.81
3839.31
3856.41
3869.7
3884.09
3903.38
3911.57
3919.75
3936.5
3959.88
3980.4
4007.3
4040.74
4078.76
4124.08
4175.02
4214.87
4249.57
4291.72
4344.03
4371.84
4398.73
4431.78
4458.45
4502.85
4522.07
4541.04
4558.16
4580.97
4591.79
4606.17
4624.36
4637.97
4655.66
4681.68
4691.51
4702.95
4724.35
4753.76
4762.38
4774.56
4787.5
4807.59
4837.36
4854.99
4884.75
4915.75
4962.96
4989.46
5012.03
5041.73
5072.53
5116.04
5162.21
5172.04
5183.53
5193.79
5210.24
5242.24
5260.54
5271.25
5288.67
5305.31
5329.83
5349.39
5358.41
5369.72
5387.79
5408.18
5432.47
5464.45
5475.12
5486.15
5497.95
5509.1
5521.58
5532.76
5557.2
5593.44
5644.96
5704.08
5723.22
5730.99
5739.37
5751.34
5766.25
5786.81
5812.78
5840.43
5849.23
5860.49
5871.68
5883.09
5891.82
5907.79
5918.39
5934.33
5949.98
5972.4
5987.09
6002.47
6009.84
6019.61
6031.74
6044.49
6058.24
6071.68
6084.35
6097.58
6109.67
6126.98
6139.34
6150.07
6163.91
6183.33
6206.23
6216.89
6234.02
6244.31
6263.84
6282.07
6299.09
6316.61
6341.45
6379.46
6391.43
6399.6
6409.42
6421.58
6439.34
6453.01
6462.64
6478.83
6490.34
6504.21
6521.26
6551.03
6568.57
6581.48
6596.72
6611.17
6628.05
6646.34
6670.11
6686.6
6695.64
6704.72
6715.79
6725.98
6734.71
6746.73
6771.51
6779.94
6794.72
6808.71
6817.62
6829.26
6848.83
6864.12
6878.3
6862.66
6884.05
6900.25
6909.07
6915.62
6922.61
6933.2
6945.33
6956.23
6973.75
6993.63
7019.37
7035.71
7049.37
7063.01
7076.91
7092.95
7104.77
7122.84
7140.99
7166.29
7181.45
7196.29
7214.53
7225.43
7239.11
7253.6
7279.96
7309.39
7340.05
7357.12
7366.92
7380.69
7391.4
7403.7
7416.38
7433.76
7471.78
7500.69
7526.57
7563.31
7607.13
7601.36
7627.07
7637.69
7652.41
7661.3
7672.39
7683.19
7690.69
7703.04
7711.42
7718.36
7727.99
7739.95
7757.01
7779.34
7796.51
7823.45
7846.9
7863.19
7873.22
7882.36
7897.56
7907.86
7913.9
7922.7
7930.3
7940.73
7954.49
7967.96
7986.09
7997.9
8017.67
8010.21
8029.11
8051.71
8084.04
8113.41
8142.84
8174.79
8196.87
8204.3
8213.68
8203.07
8210.4
8219.09
8229.13
8243.38
8260.32
8278.99
8300.34
8318.94
8345.59
8356.33
8364.94
8374.73
8386.42
8394.68
8404.91
8414.25
8426.28
8442.94
8455.5
8468.17
8446.21
8461.59
8499.79
8524.68
8534.63
8591.66
8660.23
8767.33
8778.55
8784.46
8791.1
8806.09
8835.5
8846.17
8854.05
8866.83
8883.35
8899.29
8887.82
8898.39
8905.76
8914.22
8922.99
8932.01
8942.78
8936.23
8944.57
8951.81
8961.71
8974.21
8991.85
9018.33
9054.93
9123.19
9229.74
9356.01
9462.18
9584.19
9677.45
9720.57
9729.09
9734.45
9742.42
9755.51
9768.54
9780.79
9791.84
9802.76
9825.25
9851.39
9860.8
9807.9
9815.26
9800.17
9809.01
9821.63
9832.51
9842.55
9828.93
9836.97
9845.55
9785.13
9804.39
9830.66
9864.39
9879.47
9889.54
9916.84
10003.1
10110
10125.3
10148
10162.3
10170.7
10178.9
10192.2
10214.4
10237.1
10246.8
10253.9
10261.3
10270.5
10277.4
10288.7
10300
10311
10323.4
10342.6
10355.3
10321
10328
10335.4
10343
10354.7
10367
10384.9
10410.4
10441
10462.7
10484.4
10499.4
10523.6
10538
10564.3
10579.5
10584.5
10564.8
10574.7
10590.6
10611.3
10634.1
10672.6
10727.4
10764.2
10805.8
10868.5
10942.5
10961
10979.8
10991
11005.8
11013
11020.8
11029
11036.1
11047.3
11067.6
11080.1
11085.5
11092.8
11071.8
11081
11089
11096.4
11105.8
11118.8
11137.5
11148.6
11166.3
11179.4
11193.4
11219.8
11264.6
11334.6
11354.5
11349.2
11356.5
11367
11377.6
11389.6
11408.8
11429.7
11442.4
11452.9
11459.2
11467.5
11474.8
11482.9
11492.3
11500.7
11511.6
11525
11506.3
11519.8
11535.5
11557.3
11573.9
11586
11603.8
11481.5
11514.6
11544.1
11551
11560.1
11544.7
11567.8
11626.4
11652.5
11758.2
11772.8
11782
11793.9
11809.6
11822.5
11807.3
11819.8
11826
11835.9
11844.8
11855.2
11865.2
11873.5
11881.8
11888.9
11897.7
11904
11910.8
11922.4
11936.7
11950.4
11963.4
11972.9
11994.8
12000.8
12012.7
12029.9
12039.9
12054.5
12075.3
12090
12103.3
12123.8
12148.1
12163.7
12179
12200.1
12217.5
12228.4
12235.6
12248.7
12268.6
12294.5
12309.9
12321.3
12328.5
12348.7
12379.3
12428.5
12449.1
12465.5
12475.8
12491.6
12517.1
12529.2
12553
12568
12587.3
12624
12642.1
12657.7
12667.5
12678.3
12692.4
12701.2
12719.1
12736.8
12747.7
12760.3
12775.9
12792.1
12797.6
12805.6
12817.7
12831.9
12853.1
12872.6
12892
12907.1
12924.9
12936.8
12942.3
12952.8
12968.4
12993.9
13014.7
13027.9
13036.5
13046.4
13059.9
13074.9
13086.6
13103.2
13133.5
13165.6
13176.6
13182.7
13191.4
13202
13211.1
13221
13228.4
13234.5
13241
13249.9
13263.3
13284
13304.1
13345.9
13378.4
13411.9
13447.8
13487.6
13501.9
13548.2
13587.2
13655.3
13701.2
13720.6
13745.9
13774.3
13809.1
13819.8
13832.2
13847.3
13859.3
13871.5
13879.9
13885.9
13894.6
13910.2
13918.3
13923.8
13931.4
13941.3
13950.7
13961.2
13971
13980
13988.4
13999.1
14012.1
14021.3
14035
14050.6
14064.9
14074.9
14082.6
14091.2
14098.2
14112
14125.3
14147.3
14157.6
14173.1
14202.8
14247.5
14258.1
14263.5
14269.8
14280.1
14288.9
14300.1
14310
14319.4
14332
14341.2
14353
14363
14375.3
14393.4
14422.1
14464.2
14517.3
14522.9
14530
14539
14552.8
14561.7
14576.5
14596.8
14615.5
14627.4
14645.2
14692.2
14753.4
14764.9
14782.8
14799.3
14829.9
14861.4
14875.8
14893.3
14903.2
14909.7
14916.4
14923.8
14931.9
14939.3
14954.5
14977.8
14985.5
14996.7
15014.3
15029.1
15044.4
15061
15077
15100.5
15132.1
15140.5
15149.7
15162.3
15169.2
15174.1
15178.9
15184.2
15192.6
15204.3
15219.5
15235.9
15251.5
15268.2
15289.6
15299.2
15313.3
15335.6
15346.1
15358
15366.9
15378.1
15394
15416.3
15425.6
15438.2
15449.2
15460.5
15469.3
15479.1
15494.9
15508
15531.4
15566.4
15605.7
15660.2
15691.3
15780.3
15789.4
15802.2
15813
15827.9
15845
15867.2
15892.2
15899.7
15911.9
15920.6
15929
15935.4
15943.2
15954.3
15970.7
15982.7
15988.6
15994
16003.6
16012.7
16023.8
16040
16053.9
16075.9
16090
16114.6
16126
16132.5
16139
16146.9
16156.1
16164.7
16172
16182.5
16198.2
16209.2
16225.6
16247
16256.8
16268.8
16280.4
16307.8
16316.7
16326.4
16339.5
16344.9
16350.6
16356.9
16364.5
16372.1
16377.3
16384.7
16393.8
16403.6
16413.2
16423.6
16432.9
16445.4
16463.9
16491.8
16510.1
16531.2
16541.7
16554.6
16581.3
16616.6
16626.2
16637.3
16654.5
16675.3
16697.1
16717.4
16729.2
16761.7
16783.2
16803.1
16826.1
16837.9
16845
16852.6
16860.6
16867.7
16871.1
16878.4
16889
16898.9
16910.9
16916.3
16923.1
16940.1
16961
16970.5
16985.9
16996.2
17012.9
17024.6
17035.6
17046.8
17059.7
17070.6
17087.5
17118.4
17160.6
17224.4
17237.4
17248.3
17256.7
17265.5
17276.3
17286.7
17295.8
17302.1
17313.7
17338.1
17360.8
17378.9
17412.9
17446.4
17486.1
17559.1
17664.4
17695.6
17742.4
17758.7
17789.2
17841.8
17856.4
17863.8
17868.1
17874.6
17881.7
17890.7
17913
17936
17958.1
17982.7
17988.9
17999.1
18006.6
18013.1
18026.6
18043.5
18050.5
18061.6
18057.5
18065.3
18076.9
18084.2
18095
18113.2
18123
18150.5
18166.6
18170.5
18175.9
18187.4
18210.4
18237.1
18250.9
18255.7
18261.5
18270.3
18281.9
18293.8
18307.6
18319.1
18324.1
18332.3
18337.2
18345.3
18350
18354.3
18358.2
18364
18378
18383.9
18390.6
18401.5
18420.5
18451.3
18512.6
18525.8
18532.7
18538.5
18543.4
18548.9
18559.1
18567.1
18575.4
18587
18602.3
18610.5
18641.5
18653.5
18684.5
18692.5
18701.7
18711.5
18731.9
18738.9
18750.4
18755.8
18764.7
18776.4
18783
18796.6
18800.6
18804.2
18809.2
18817.9
18825
18830.4
18853.3
18903.8
18927.1
18938
18950.2
18955.2
18961.5
18969.3
18982.6
19001.8
19013.5
19016.7
19019.5
19024
19028.1
19027.7
18997.5
19020.6
19034.8
19053
19090.2
19164.6
19390.8
19439
19444.2
19448.4
19446.3
19452.4
19463.9
19477.6
19482.4
19490.9
19500.2
19505.4
19518.3
19532.4
19536.4
19546.3
19552.7
19564.6
19582.1
19608.6
19623.9
19636.4
19640.5
19646
19651.8
19677
19707
19737.3
19779.8
19822.8
19838.2
19896.4
19978.1
19981.8
19985.3
19991.3
19997.2
20008.3
20014.1
20017.7
20024.9
20035
20047.3
20053.6
20069.9
20094.3
20102.3
20105.3
20117.1
20129.2
20143.8
20168
20175.4
20204.6
20207.6
20211.8
20216.3
20229.5
20246.1
20264.1
20292.3
20298.7
20308.7
20322.9
20329
20337
20350.1
20352.8
20358.5
20366.3
20383.8
20395
20414
20435.1
20448.6
20450.1
20452.4
20455.5
20462.6
20477.1
20494.2
20497.8
20507.8
20521.5
20526.1
20531.9
20544.5
20554.6
20574.7
20597.3
20605.4
20615.3
20649.9
20742.1
20871.6
21033.7
21210.4
21211.1
21214
21219.9
21224.4
21225.5
21226.1
21229.3
21236.7
21253
21277.1
21291.4
21293.1
21296.8
21302.2
21305.4
21311.9
21318.6
21329.5
21334.9
21343.2
21349.4
21360.9
21266.7
20833.4
20833.2
20730
20742.2
20742.2
20820
21207
21208.6
21218.8
21236
21239
21239
21240
21244.6
21253.2
21258
21268.6
21269.9
21292
21296
21300
21300
21304
21312
---------------------------------
0.808511
2.35461
5.03546
7.1773
11.8723
17.8014
21.2908
24.6809
27.8582
33.1915
39.2908
44.9645
51.8582
59.7163
65.6454
72.7376
78.8369
84.7943
91.4184
97.5461
107.631
118.142
126.241
135.702
146.723
159.277
167.348
176.582
186.057
195.489
204
210.837
219.574
226.766
233.901
240.723
249.674
258.071
266.426
277.759
293.135
303.801
314.936
330.014
345.191
359.418
375.489
389.418
401.234
413.121
422.681
431.22
443.475
453.007
465.39
476.426
486.652
493.56
502.894
512.014
523.546
536.596
548.241
558.142
567.22
574.028
583.135
593.787
607.404
614.596
625.816
633.872
643.844
652.823
666.27
681.943
689.688
702.496
719.447
733.035
745.66
760.014
780.043
790.879
807.376
819.348
830.652
845.816
861.759
879.248
895.447
908.709
927.163
940.511
959.163
972.922
997.901
1018.31
1038.6
1065.01
1083.4
1096.27
1105.28
1120.38
1135.4
1145.15
1154.31
1165.48
1175.97
1184.94
1194.48
1205.91
1218.64
1231.73
1245.26
1255.9
1268.62
1277.79
1287.7
1299.67
1309.15
1318.07
1331.23
1342.58
1351.18
1363.04
1377.69
1392.65
1413.05
1428.95
1447.38
1462.99
1476.92
1490.47
1497.9
1506.28
1513.84
1523.22
1534.84
1546.35
1560.79
1581.49
1593.82
1603.74
1615.22
1621.91
1631.66
1639.23
1649.99
1660.07
1673.4
1688.98
1706.34
1718.37
1731.96
1744.62
1762.21
1784.37
1807.15
1816.51
1834.04
1851.82
1864.52
1873.7
1887.43
1900.61
1929.13
1969.18
1990.78
2020.18
2053.21
2080.57
2095.99
2131.26
2152.21
2170.11
2192.34
2204
2213.52
2221.48
2231.66
2243.39
2256.01
2279.63
2304.65
2339.96
2372.43
2409.55
2454.27
2493.25
2526.2
2539.69
2554.44
2565.74
2577.01
2591.96
2602.51
2614.89
2626.91
2638.89
2650.51
2657.69
2669.91
2683.94
2699.48
2712.84
2725.28
2740.87
2755.79
2768.33
2787.26
2799.19
2808.88
2821.99
2837.45
2851.38
2859.52
2874.06
2886.57
2898.28
2907.55
2921.97
2932.52
2947.96
2960.21
2969.18
2982.31
2992.72
3003.77
3017.67
3035.48
3053.4
3066.61
3075.94
3091.66
3107.11
3118.45
3133.59
3145.55
3155.06
3162.54
3172.89
3188.07
3202.84
3221.65
3237.56
3252.88
3272.2
3287.06
3314.27
3351.42
3368.94
3399.46
3422.7
3429.53
3436.61
3443.76
3452.01
3462.17
3476.09
3491.13
3509.9
3533.73
3559.73
3569.67
3576.23
3590.17
3600.43
3613.53
3621.62
3630.74
3639.33
3646.48
3653.84
3664.16
3678.57
3690.99
3705.32
3719.25
3745.05
3764.58
3778.16
3790.28
3819.62
3834
3847.04
3867.8
3876.41
3894.35
3920.27
3931.23
3938.71
3954.77
3994.85
4045.23
4063.83
4096.84
4143.49
4164.62
4201.63
4255.91
4320.99
4351.93
4403.38
4460.44
4520.81
4595.56
4639.22
4653.5
4673.06
4694.99
4719.77
4728.92
4738.81
4749.62
4767.87
4781.32
4799.62
4812.23
4826.54
4837.42
4844.67
4856.91
4866.85
4889.22
4910.16
4930.88
4974.77
5024.34
5069.84
5092.91
5116.61
5133.65
5154.78
5166.68
5188.77
5202.26
5220.96
5248.01
5280.09
5319.55
5329.48
5341.55
5350.17
5360.6
5372.37
5390.01
5403.08
5420.92
5432.57
5446.11
5458.14
5470.01
5478.41
5488.89
5507.89
5538.43
5571.74
5594.51
5607.38
5628.26
5648.07
5659.28
5674.72
5688.72
5706.65
5718.23
5734.7
5754.57
5777.25
5804.38
5821.63
5836.03
5849.07
5881.01
5896.87
5917.08
5929.89
5942.68
5959.57
5970.65
5982.48
5994.78
6005.54
6016.71
6029.74
6038.93
6050.62
6067.86
6081.35
6096.98
6113.85
6121.58
6132.87
6145.82
6157.74
6181.69
6204.65
6227.8
6266.68
6262.83
6277.17
6286.26
6298.09
6312.2
6325.59
6344.66
6364.67
6390.59
6406.07
6416.61
6432.76
6458
6468.76
6478.2
6488.37
6500.7
6509.87
6517.77
6528.59
6540.5
6556.26
6569.74
6583.39
6594.36
6613.39
6636.46
6655.21
6684.19
6706.81
6726.76
6738.57
6763.27
6776.91
6794.91
6808.79
6824.74
6838.26
6851.81
6866.53
6887.64
6898.73
6910.54
6918.44
6928.07
6937.87
6947.04
6961.46
6976.87
6984.13
6992.54
6999.57
7011.41
7023.7
7041.3
7062.67
7079.09
7099.8
7127.21
7164.33
7216.16
7231.61
7242.83
7252.26
7265.01
7283.33
7297.66
7317.2
7340.5
7359.49
7372.73
7387.21
7399.3
7418.99
7452.5
7488.17
7503.06
7512.01
7518.41
7528.14
7538.97
7548.73
7560.27
7575
7591.74
7606.21
7626.7
7642.91
7660.86
7677.11
7698.61
7730.31
7742.53
7752.53
7767.93
7781.94
7796.79
7816.73
7831.69
7854.6
7876.8
7898.39
7907.3
7919.29
7932.8
7941.96
7954.54
7971.16
7984.6
7998.14
8004.64
8010.39
8015.56
8021.56
8027.54
8011.68
8020.34
8028.04
8042.39
8056.49
8077.66
8102.04
8119.15
8138.41
8155.38
8176.01
8195.67
8206.08
8219.43
8246.09
8260.69
8277.55
8291.15
8303.51
8318.98
8331.4
8345.69
8358.45
8370.27
8382.52
8391.23
8401.92
8410.12
8415.78
8329.99
8340.22
8353.27
8372.65
8391.51
8406.66
8424.23
8463.8
8509.91
8579.65
8661.25
8764.16
8851.81
8790.13
8817.93
8898.9
8860.66
8876.99
8886.27
8901.83
8924.05
8934.77
8943.43
8953.34
8965.1
8975.26
8997.32
8970.65
8983.03
8990.45
8997.03
9006.03
9019.64
9032.24
9047.86
9009.98
9028.2
9050.17
9068.61
9107.44
9169.15
9242.78
9272.81
9321.69
9352.89
9381.68
9402.17
9375.31
9382.75
9393.96
9326.64
9335.56
9316.3
9303.01
9250.01
9279.11
9312.97
9323.11
9350.96
9389.31
9469.5
9517.15
9541.37
9557.39
9565.55
9570.34
9578.02
9588.72
9597.71
9608.92
9622.58
9642.5
9675.92
9717.94
9734.01
9802.55
9861.58
9926.92
9939.82
9921.58
9928.42
9936.53
9945.07
9952.74
9961.92
9971.22
9984.64
9996.58
10013.1
10036.5
10053.6
10067.4
10076.2
10086.4
10098.1
10105.2
10114.5
10119.2
10127.8
10141.7
10153.1
10159.6
10136.2
10144.5
10153.7
10168.5
10182.4
10203
10229.2
10260.9
10275.3
10294.3
10300.8
10308.1
10318.8
10335.4
10355.5
10384.8
10418.3
10451.1
10537.1
10628.5
10677.9
10798.3
10818.2
10824.3
10829.8
10843
10851.9
10832.9
10843.1
10856.7
10867.3
10875.6
10883.7
10897.6
10918
10930.9
10944
10948.6
10954.3
10962.2
10973.4
10984.3
10993.6
11011.6
11034.7
11055.2
11074.2
11095.6
11118.4
11133.1
11150.1
11163.2
11172.8
11178.8
11187.5
11194.4
11204.1
11213.5
11217.1
11224.3
11234.2
11248.1
11264.3
11282.2
11306.4
11335
11352.9
11379.3
11421.8
11451.6
11466.2
11490.3
11498.7
11516.1
11534.8
11555.3
11592.7
11605.8
11616.1
11628.4
11637
11645.7
11659.5
11674.1
11695.1
11717.8
11738.1
11749.9
11759.4
11794.7
11842.8
11852.1
11864.1
11890
11944.9
11960.4
11973.2
11988.7
11999.1
12017.9
11948.1
11958.5
11967
11978.6
11994.2
12019.6
12043.2
12052.8
12074
12087.2
12103.5
12128.9
12157.8
12195.8
12205.4
12226.9
12238.8
12251
12256.1
12267.9
12279
12283
12290.6
12298
12306.4
12314.5
12321.6
12332.7
12348.4
12366.7
12383.5
12404.5
12427.1
12446.1
12454.1
12464.6
12482
12499.7
12517.1
12531.8
12536.9
12542.2
12549.2
12562.8
12584.7
12613.2
12666.3
12726
12740.9
12770.8
12788.5
12802.2
12836.1
12869.6
12876
12878.9
12886
12894.5
12904.6
12913.5
12925
12938.6
12960.7
12988.2
13004.9
13021.5
13031.9
13043
13054.9
13066.1
13072.3
13089.3
13123.7
13165.9
13175.7
13187.5
13198.8
13212.8
13237.1
13260.8
13279.5
13289.9
13303.9
13322.4
13357.5
13377.5
13383.9
13389.3
13396.1
13407.6
13424.5
13443.3
13454.5
13476.3
13515.8
13566.9
13581.4
13596.3
13615
13638.7
13686.9
13760.4
13848.4
13860.2
13865.6
13873
13884.6
13898.6
13909
13946.4
13962
13985.8
14007.1
14016.1
14024.2
14030.1
14035.8
14042.5
14049.7
14056.9
14062.5
14074.1
14091.8
14104
14115.6
14127.7
14141.4
14151.5
14164.5
14176.8
14187.5
14203.4
14219.8
14236.2
14253.1
14259.9
14270
14282
14292.9
14306
14319.4
14328.9
14337.8
14344.2
14354.4
14371
14379.3
14387.4
14395.5
14401.3
14408.7
14419.1
14428.5
14436.4
14442.3
14450.8
14462
14473.7
14482.5
14492.1
14504.8
14528.7
14576.6
14603.2
14630.6
14677.9
14702.5
14752.7
14780.2
14791
14805
14819.8
14828.6
14849.3
14861.5
14867.8
14886.6
14912.6
14923
14934.6
14945.7
14953.8
14962.4
14969.1
14976.5
14985
14993
15001.7
15013.4
15025.9
15039
15080.3
15133.3
15153.9
15187.8
15229.6
15239.8
15247
15253.8
15258.8
15265.7
15272.9
15283
15293.4
15304.7
15314.8
15321.3
15331.5
15338.5
15344.7
15354.2
15363.2
15373
15381.9
15394.4
15408
15420.1
15428.2
15441.2
15464.5
15503.3
15550.7
15566.5
15594.1
15616.5
15661.3
15694.6
15708.8
15721.4
15732.3
15746.6
15762.7
15770
15783.2
15799
15807.1
15816.7
15830.5
15839.7
15848.1
15863
15888.3
15899.4
15909.8
15917.3
15926.2
15935.6
15944.7
15956.3
15973.9
15993.3
16011.9
16056.2
16078.7
16090.6
16111.1
16120.2
16136.5
16160.6
16186.9
16208.7
16224.3
16231.1
16233.8
16238
16246.4
16257.5
16269.6
16282.3
16302.9
16316.3
16332.8
16344.4
16352.2
16356.6
16363.1
16373.3
16382.8
16388.5
16392.9
16399.6
16416.3
16437.5
16467.9
16493.7
16548.3
16563.2
16573.7
16588.2
16597.2
16615.7
16662
16699.4
16715.6
16803.1
16925.3
16933.1
16940.3
16954.5
16962.7
16973
16996.1
17028.7
17033.9
17042.6
17060.2
17073.5
17086.6
17103.4
17167
17172.2
17178.6
17184.7
17201.5
17207.4
17216.1
17223.2
17233.1
17254.8
17284.4
17302.3
17317.3
17326.8
17334.5
17339.5
17345.4
17351.9
17358.5
17363
17371.7
17383.9
17396.2
17410.3
17421.7
17438.7
17454.1
17462.9
17491.2
17497.3
17502.6
17507.7
17510.2
17514.6
17521.2
17529.4
17541.5
17547
17559.4
17576.1
17579.6
17586.9
17600.8
17619.4
17626.4
17634.1
17644.7
17659
17673.2
17678.1
17693.2
17742
17805.7
17856.5
17914.8
17929
17945.5
17974.1
18005.1
18017.2
18040
18064.7
18093.3
18100.6
18105.3
18113.4
18122.2
18150.1
18183.4
18242.7
18339
18346.4
18353.1
18362.3
18370.2
18374.7
18392.5
18435.7
18461.4
18469.7
18486.8
18511.7
18529.5
18551.5
18566
18571.7
18579.2
18589.9
18595.4
18598.8
18605.6
18616.8
18631
18638.4
18648.8
18659.7
18666.8
18673.9
18680.3
18693.8
18709.5
18732
18759.4
18764.1
18776
18802.1
18809.9
18814.8
18821.2
18829.5
18839.6
18848.8
18908.8
19096.8
19103.1
19109
19112.2
19116.4
19123.7
19129.4
19139.4
19151.2
19168.2
19180.7
19189.3
19194.2
19200.3
19211.8
19217.2
19225.6
19249.1
19273.7
19296.6
19325.4
19332.9
19348.8
19390.5
19409.8
19480.1
19488.1
19503.7
19521.9
19529.7
19549.3
19562.2
19572.2
19577.5
19589.7
19611.4
19625.4
19628.6
19671.8
19812.1
19815.1
19818.7
19826.3
19855.5
19866.2
19871
19880.4
19882.4
19885.9
19893.1
19897.9
19908.1
19916.6
19922.4
19926.9
19931.6
19942.1
19954.1
19981.6
19994.8
20004.1
20030
20041.7
20060.9
20087.3
20131.6
20134.5
20139.8
20146.4
20155
20166.9
20171.5
20179.4
20188.4
20219.1
20279.9
20360.5
20369.1
20382.7
20405.6
20418.6
20424.1
20434.4
20437.9
20443.6
20447.9
20457
20463.8
20473.7
20483.6
20511.6
20515.9
20527.5
20553.8
20579.8
20595
20642.4
20647.2
20654.9
20659.3
20664.2
20669.7
20674.3
20683.2
20706.6
20725
20732.3
20738.2
20748.5
20752.7
20760
20769.2
20778.8
20784.9
20796.4
20817.7
20832.8
20839.7
20848.5
20854
20863
20873.3
20876.6
20918.4
21081.8
21086.1
21096.5
21114.2
21121.7
21171
21460.6
21511.4
21606.8
21733.9
21735.3
21739.9
21775.3
21784.2
21790.8
21795.2
21803.3
21806.3
21808.2
21813
21822.1
21832
21834.5
21841
21855.1
21870.3
21879.5
21886
21896.7
21919.9
21955
21961.4
21963.3
21969.8
21979.3
21981.2
21987
21990.7
21993
21997.2
22008.2
22025.2
22042.5
22061.3
22066.3
22079.6
22099
22117.5
22130.7
22149.7
22155.7
22159.8
22169.6
22180
22185.3
22265.4
22276.5
22295.1
22298.3
22308.6
22327.5
22346.8
22351.8
22355.8
22359.4
22362.9
22365.5
22378.8
22393.3
22398
22399.1
22401
22406
22412.6
22418.8
22428.2
22442.3
22467.5
22599.6
22952.7
22960
22966.9
22984.7
22994.2
23007.3
23008
23017.1
23055.6
23113.5
23123.3
23123.3
23124
23127.3
23127.3
23128
23132
23136.7
23144
23148.7
23158.2
23172
23176
23180.7
23190.9
23213.1
23241.5
23251.3
23252
23255.3
23257.5
23270.2
23284.7
23291.3
23292
23296.7
23304
23307.3
23308
23312.7
23322.2
23341.8
23382.9
23460.7
23621.8
23924.4
24344.7
24352.7
24362.9
24380.7
24387.3
24388
24391.3
24391.3
24392
24397.5
24410.2
24429.1
24456.7
24464.7
24471.3
24472
24476.7
24486.9
24503.3
24504
24507.3
24508
24512.7
24520
24524.7
24531.3
24532.7
24539.3
24539.3
24540
24543.3
24543.3
24546.9
24566.9
24583.3
24584
24595.3
24644.4
24706.2
24719.3
24720
24724
24727.3
24727.3
24727.3
24729.5
24742.2
24756
24760
24764.7
24774.9
24797.1
24823.3
24823.3
24825.5
24836
24839.3
24841.5
24854.9
24877.1
24916.4
24999.3
25107.3
25108
25113.5
25126.2
25139.3
25140
25143.3
25144
25148.7
25156
25159.3
25160
25163.3
25164
25168
25174.2
25187.3
25190.9
25207.3
25208
25212.7
25219.3
25220
25224
25230.2
25249.1
25276
25282.9
25300
25303.3
25304
25308.7
25318.9
25336
25339.3
25340
25344.7
25352.7
25360
25364
25368.7
25378.2
25392
25396
25400.7
25416
25456
25465.1
25503.6
25560
25564.7
25574.9
25591.3
25592
25596.7
25604
25607.3
25607.3
25608
25611.3
25612
25616.7
25626.9
25643.3
25644
25655.3
25702.9
25756.7
25764
25770.2
25784
25788
25792.7
25799.3
25800
25805.5
25818.2
25837.1
25863.3
25864
25868
25872.7
25880
25885.5
25898.2
25911.3
25912
25916
25920.7
25928
25932.7
25939.3
25940
25944
---------------------------------
0.849162
2.48045
5.65363
8.04469
13.6089
17.6983
21.5866
25.676
30.8827
36.9162
42.838
50.905
57.5419
63.419
69.6313
76.067
82.0782
87.8883
95.1955
101.542
109.006
119.061
131.821
141.698
151.196
162.235
175.821
185.318
193.631
204.603
212.223
218.86
226.972
233.296
240.916
245.676
253.184
259.866
270.86
284.782
291.955
304.134
313.631
332
349.05
369.587
385.117
401.05
414.034
429.855
440.469
447.307
455.24
462.525
473.899
486.994
496.268
506.905
519.061
531.441
544.335
553.765
563.263
574.346
585.587
592.313
598.972
609.721
618.369
627.531
634.391
642.57
657.274
664.894
677.184
692.961
713.274
736.268
756.782
780.447
812.827
833.095
851.263
883.128
891.218
904.022
919.307
932.961
949.073
968.514
976.447
991.732
1005.77
1021.12
1034.26
1054.17
1064.38
1075.04
1086.91
1100.34
1109.41
1119.51
1128.49
1140.13
1154.3
1166.97
1179.06
1191.46
1209.52
1228.07
1254.17
1270.08
1279.44
1291.93
1301.03
1318.21
1329.27
1336.45
1344
1354.39
1364.6
1377.18
1400.07
1407.96
1418.66
1429.61
1440.27
1449.32
1458.79
1470.03
1483.87
1495.62
1510.21
1519.51
1527.28
1537.88
1548.29
1560.56
1573.03
1588.11
1608.87
1626.79
1647.24
1664.89
1694.66
1729.34
1739.4
1762.93
1787.08
1811.33
1829.14
1847.73
1865.61
1876.36
1886.79
1901.54
1915.58
1924.31
1932.6
1941.05
1958.77
1974.37
1997.09
2011.24
2035.4
2058.68
2082.19
2120.47
2136.83
2164.51
2192.25
2228.74
2285.21
2334.3
2360.76
2371.11
2392.07
2412.94
2424.29
2437.39
2447.02
2457.23
2471.08
2494.5
2524.89
2542.37
2553.94
2565.09
2588.16
2600.6
2620.92
2627.33
2639.84
2656.4
2676.49
2688.22
2701.41
2711.66
2726.99
2737.99
2745.79
2756.22
2768.8
2776.51
2787.26
2801.54
2813.3
2825.32
2841.61
2864.89
2875.42
2890.66
2908.2
2921.05
2928.87
2937.74
2946.26
2955.82
2972
2982.86
2993.52
3008.18
3024.2
3048.42
3054.3
3062.03
3073.65
3086.97
3099.4
3124.04
3138.97
3156.54
3192.02
3211.91
3221.94
3239.55
3262.1
3281.77
3304.56
3316.4
3324.49
3332.25
3343.51
3355.46
3364.07
3382.06
3394.23
3408.67
3427.62
3457.14
3471.91
3493.68
3519.15
3528.4
3536.47
3546.59
3552.72
3561.63
3569.54
3576.78
3591.28
3604.51
3617.34
3632
3650.86
3667.4
3685.83
3705.74
3715.37
3726.39
3736.25
3754.23
3769.81
3782.97
3800.42
3821.59
3841.92
3857.05
3879.24
3904.72
3925.97
3963.13
3977.68
3996.07
4040.8
4093.65
4169.85
4177.81
4213.34
4271.62
4281.34
4289.88
4309.45
4332.69
4368.47
4387.04
4412.49
4449.16
4503.46
4573.88
4618.06
4677.25
4703.37
4720.16
4732.69
4744.83
4764.74
4796.78
4835.58
4839.53
4855.01
4867.21
4875.82
4892.76
4912.43
4921.89
4937.62
4955.69
4978.9
4985.1
5005.48
5038.18
5046.99
5070.22
5118.45
5128.18
5144.43
5167.91
5206.47
5256.04
5274.02
5329.82
5413.75
5430.63
5440.74
5447.73
5458.07
5469.19
5478.18
5496.2
5510.04
5535.62
5549.55
5557.75
5569.46
5587.26
5606.22
5629.6
5667.62
5676.74
5687.91
5696.2
5707.39
5716.34
5725.1
5734.7
5749.33
5761.33
5770.2
5783.46
5797.91
5820.25
5849.96
5863.12
5886.67
5907.26
5922.18
5935.55
5958.7
5973.39
5985.98
5997.93
6012.52
6024.99
6041.84
6056.18
6081.01
6115.33
6124.67
6140.16
6170.07
6182.92
6192.92
6203.17
6209.8
6215.96
6222.88
6233.64
6248.56
6267.66
6284.29
6303.17
6324.61
6346.88
6363.89
6380.2
6387.3
6396.11
6407.19
6413.93
6424.13
6433.1
6445.17
6462.99
6424.41
6447.75
6458.59
6468.93
6485.82
6511.2
6546.61
6556.7
6567.16
6576.89
6559.89
6573.6
6590.24
6606.31
6611.84
6627.41
6609.08
6618.99
6633.95
6620.99
6632.67
6650.34
6680.21
6712.35
6732.81
6746.17
6760.76
6776.37
6783.05
6791.51
6799.95
6819.01
6830.08
6844
6856.39
6865.43
6880.6
6901.25
6908.95
6917.2
6933.18
6942.5
6955.79
6967.01
6975.42
6982.36
6992.28
7003.63
7010.77
7026.06
7041.6
7058.36
7079.19
7089.9
7109.53
7127.91
7166.98
7213.48
7228.62
7239.45
7254.01
7273.99
7313.41
7360.95
7422.57
7446.03
7461.74
7473.47
7482.23
7490.21
7506.07
7517.7
7531.33
7543.14
7556.67
7565.05
7573.93
7580.81
7590.56
7603.79
7621.12
7651.91
7696.91
7762.16
7772.44
7779.35
7756.54
7768.07
7782.76
7803.25
7810.76
7819.63
7829.68
7846.08
7856.96
7877.24
7896.23
7923.58
7943.3
7950.34
7958.81
7965.45
7975.46
7987.25
7998.29
8003.84
8011.65
8020.63
8026.99
8036.8
8040.63
8049.38
8061.36
8075.06
8094.76
8109.73
8120.61
8140
8174.43
8154.8
8174.66
8205.79
8221.44
8249.32
8265.72
8286.38
8301.69
8318.73
8323.88
8336.12
8348.07
8358.54
8367.44
8338.41
8270.23
8289.27
8296.5
8307.98
8329.13
8347.78
8359.9
8366.71
8379.81
8396.65
8420.62
8450.51
8491.98
8549.65
8702.51
8940.29
9195.69
9220.27
9284.87
9359.45
9369.33
9377.25
9392.51
9415.88
9444.12
9476.55
9486.14
9494.05
9506.46
9519.2
9528.72
9546.43
9557.54
9562.65
9570.02
9576.8
9599.04
9629.69
9637.49
9642.17
9650.84
9656.89
9668.75
9679.25
9706.1
9747.81
9806.65
9827.98
9847.45
9876.17
9891.73
9910.46
9920.51
9951.54
9942.04
9950.16
9959.32
9970.18
9983.9
10006.2
10031.1
10077.6
10129.9
10139
10148.1
10160.9
10175
10188.2
10196.6
10216.7
10222.6
10232.1
10241.5
10248.3
10221.4
10235
10239.4
10249.3
10261.3
10270.2
10281.7
10294.6
10300.2
10307
10318.8
10332.3
10353.5
10377.6
10391.6
10407.2
10430.8
10439.6
10454
10465.7
10476.1
10486.6
10492.8
10502.2
10515.2
10534.1
10547.6
10568.6
10607.1
10621.4
10675.6
10722.9
10739.6
10754.4
10774.4
10808.2
10854.4
10923.2
10963.9
11093.1
11252.3
11264.4
11273.8
11280.9
11291.6
11299
11309.4
11320.2
11331.2
11341.7
11354.6
11364.3
11370.3
11380.5
11387.9
11401.7
11417.4
11427
11434.9
11440
11460.9
11437
11464.9
11477
11488.9
11504.3
11568.2
11618.7
11627.5
11642.5
11650.7
11610.3
11625
11646
11658.2
11674
11703.9
11707.6
11715.8
11728.3
11739
11757.1
11774.3
11798.7
11813.8
11821.7
11828.9
11850.3
11859.3
11888.1
11902.9
11910.4
11917.8
11926.2
11928.9
11935.1
11947
11966.3
11974.3
11988.3
11562.3
11568
11581
11610.1
11619
11624.8
11572.6
11587.9
11606.7
11619.6
11632.6
11645.7
11652
11660.7
11686.5
11730.1
11751.5
11770.3
11812.3
11860
11874.6
11884.3
11898.1
11904.8
11911.4
11919.8
11927.2
11934.2
11943.6
11955
11962.2
11974.1
11990.1
12002.3
12012.6
12028.3
12043.6
12060.5
12067
11933.1
11939.7
11952
11977.4
11986.3
11994.7
12005.1
12022.8
12028.9
12035.6
12048.1
12061.1
12075.1
12088.8
12122.8
12166.9
12196.6
12281.8
12288.4
12295.9
12308.1
12328.8
12354.2
12387.9
12401.9
12443.8
12497.4
12544.7
12571.9
12590.3
12600.3
12635.5
12639.9
12646
12652.7
12654.8
12659.9
12664.9
12675.4
12693.9
12708.9
12722.3
12726.7
12731.6
12741.4
12755
12763.4
12768.8
12773.4
12777.5
12781.9
12788.3
12794.4
12799.3
12804.9
12810
12819.4
12833.5
12841.9
12852.1
12865.8
12879.9
12900.8
12912.4
12933.4
12951.7
12961.2
12967.3
12989.3
13014.6
13019.5
13028.1
13036.4
13041.6
13051.8
13069.8
13089.1
13070
13075.6
13079.7
13088.4
13099.4
13113
13137.4
13185.7
13270.9
13388.6
13394.7
13399.4
13404.9
13411.3
13419.4
13434.5
13459.4
13483
13514.7
13528.8
13549.2
13570.5
13578.8
13590.7
13611
13625.7
13643.8
13654.1
13656.3
13660.3
13666.7
13674.8
13681
13700.2
13724.7
13766.8
13817.5
13835.6
13847.2
13855.8
13858.1
13862.4
13867.2
13871.4
13878
13888.4
13910.2
13934.5
13940
13945.8
13956.5
13987.5
13999.2
14008.5
14012.5
14024.6
14039.6
14044.8
14064.1
14095
14101.9
14115
14123.7
14130.4
14138.9
14148
14150
14154.6
14163.8
14171.9
14178.9
14186.8
14198.2
14214.5
14221.4
14232.1
14249.9
14261.3
14269.4
14291.2
14310.4
14323.7
14351.2
14369.3
14395.2
14430.1
14439.7
14456
14476.5
14493
14501.5
14526.4
14547.2
14589.5
14614.2
14632.4
14634.6
14639
14645.2
14651.1
14659.6
14664.9
14670.8
14674.8
14681.8
14696.7
14719.5
14757
14784
14805.5
14886.8
15034.9
15210.8
15219.9
15233.1
15235.5
15240.1
15245.7
15265.9
15301
15312.9
15326.5
15330
15335.4
15341.5
15352
15356.7
15363.3
15374.5
15394.2
15399.5
15401.3
15406.2
15412.5
15421
15433.2
15438.7
15448.5
15463.4
15490.7
15528.4
15552.7
15595.3
15669.5
15762.7
15769
15782.2
15794.3
15796.5
15811.2
15882.4
15892.7
15910.7
15933.8
15955.1
15964
15967.7
15979.3
15986.7
15996.5
16012.8
16014.8
16019
16025.9
16033
16042.1
16061.2
16075.2
16084.6
16104.3
16119.8
16143.6
16172.5
16176
16181.3
16187.7
16199.5
16209.4
16223
16245.8
16250.9
16256.7
16265.9
16277.2
16284.8
16300.1
16303.5
16307.7
16314
16331.1
16342.4
16351.3
16359.5
16366.8
16381.2
16389.7
16394
16402.6
16414.3
16423.9
16430.6
16448.8
16466.2
16505.9
16541.9
16604.2
16622.4
16631.9
16667.5
16676.7
16690.3
16697.2
16708.8
16716.3
16720.5
16726.9
16729.7
16736.6
16755.3
16766.8
16780.5
16783.2
16785.6
16793.1
16807.2
16816.6
16826.6
16837.2
16844.7
16851.2
16855.7
16865.6
16876.7
16882.4
16890.9
16916.9
16948
16958.3
16971.1
16993.8
17035.7
17147.7
17181
17223.4
17227.6
17232
17239.5
17245.4
17249.4
17253
17257.8
17267.9
17285.7
17308
17315.1
17319.1
17322
17327.5
17333.3
17338.8
17344.8
17350.5
17361.3
17364.4
17370.2
17381.3
17423.5
17765.6
17789.9
17814
17849.8
17886.5
17923.9
17936
17954.1
17979.1
18017
18019.6
18023.1
18029.6
18037.8
18044.5
18056.6
18067
18078.1
18082.2
18097.5
18108.2
18120.9
18131.8
18138.8
18146.9
18160.5
18167.1
18176
18180.6
18186.4
18187.2
18189.2
18195.6
18205.8
18220.9
18236.2
18251.6
18256.2
18268.8
18310.2
18357.1
18365.6
18374.9
18379.2
18390.2
18399
18405
18410.2
18423.5
18435.6
18449.4
18465.5
18500.5
18520.8
18523.4
18527.5
18533
18542.8
18554
18566.6
18581.4
18602.2
18625.1
18637.6
18648.4
18656.4
18663.8
18668.5
18673.9
18682.9
18690.2
18693.9
18696.5
18701.8
18708.6
18716.8
18733.2
18756.5
18767.5
18782.4
18792
18800.4
18814.2
18843.8
18875.1
18934.1
18994.1
18999.4
19003.6
19010.9
19016.2
19025
19032.6
19046.4
19051.4
19055
19059.2
19069.5
19079.5
19092.8
19108.6
19124.1
19128.4
19132.5
19139.5
19152
19168.2
19192.4
19225.4
19300
19381.2
19473.9
19487.9
19512.8
19549.5
19577.5
19630.8
19698.1
19705.7
19708
19710
19713.1
19720.3
19728.5
19732.5
19740.4
19751.9
19768.7
19796.5
19829.3
19846.5
19860.8
19881.3
19888.1
19893.5
19900.7
19912.7
19935.7
19941.6
19948.3
19955.6
19959.6
19967.2
19972.4
19985.6
19994.9
20011.2
20021.3
20031.3
20057.9
20096.9
20106.9
20116
20122.7
20125.9
20133.1
20145.7
20154.9
20165.1
20174.7
20185.2
20194.5
20225.3
20265.3
20272.7
20281.9
20285.3
20290.7
20298.4
20307.9
20325.2
20344.3
20347.7
20352.1
20356.3
20361.9
20364.7
20370.7
20382.1
20399.6
20412.9
20428.5
20444.8
20452.9
20467.9
20469.7
20477.6
20495.8
20507.8
20521.8
20527.4
20533.6
20548.6
20565.9
20574.7
20581.1
20583.8
20587.4
20595.8
20625.2
20629.2
20634.8
20646.8
20659.2
20678
20701.2
20704.4
20707.2
20707.2
20707.6
20710.4
20716.4
20735.6
20766.8
20841.2
20932.4
20986
21115.6
21119.6
21121.2
21125.2
21130.8
21140.8
21146
21149.2
21159.6
21186.4
21222.8
21268.4
21276.8
21290.8
21295.6
21302
21308
21314.8
21329.6
21361.2
21374.8
21441.2
21460
21465.2
21474.8
21485.6
21488.4
21493.2
21499.6
21504.8
21509.2
21514.8
21525.2
21537.2
21559.6
21564.4
21570
21573.6
21575.2
21576.8
21582
21585.2
21591.2
21603.2
21628.4
21673.6
21738.8
21806.8
21812.4
21824.4
21832.4
21843.2
21847.6
21857.2
21878.4
21884.8
21892
21900.4
21912
21920.4
21926.4
21928.8
21930
21932
21939.2
21950.8
21961.6
21962
21964.4
21970
21978.8
21990
22007.6
22036
22036.4
22037.6
22041.2
22047.6
22061.2
22084.8
22116.4
22153.6
22172.4
22190.8
22211.6
22216.4
22222
22227.6
22236.8
22249.2
22252
22252.4
22258.8
22269.2
22274.4
22279.6
22282.4
22284.4
22290.4
22302
22322.4
22327.6
22330
22339.2
22355.6
22373.6
22378.8
22386
22388
22394.8
22402.4
22406.8
22409
22414.5
22422.9
22424
---------------------------------
1.09705
2.32911
4.74262
7.37553
12.3376
16.8101
20.8608
24.3376
29.4515
35.308
42.6667
50.9536
57.1983
62.4979
66.2785
70.7342
76.27
83.1392
93.3165
106.819
115.443
123.966
132.928
138.549
144.506
151.156
160.574
170.633
182.43
189.35
196.726
205.671
216.253
221.62
226.532
233.553
241.249
246.633
255.781
267.257
278.11
286.498
306.751
330.987
341.367
355.949
369.637
379.004
390.481
405.283
414.734
425.451
436.641
442.532
449.688
458.582
467.865
479.021
491.662
501.806
509.232
519.46
531.308
549.57
558.211
568.051
576.186
591.426
596.844
602.447
608.304
618.447
647.916
683.747
692.675
702.515
713.89
729.384
739.426
748.709
768.017
798.802
817.941
837.215
858.835
877.013
893.941
908.692
924.726
941.924
955.544
964.118
977.232
987.376
992.743
1000.68
1007.56
1020.19
1037.35
1055.34
1061.54
1072.42
1083.68
1098.94
1127.83
1148.62
1155.8
1166.57
1173.99
1184.57
1194.43
1204.19
1213.81
1225.06
1235.66
1244.88
1257.1
1266.31
1277.32
1294.03
1306.94
1324.46
1333.11
1343.53
1355.11
1370.13
1378.84
1390.63
1401.01
1408.93
1416.35
1425.3
1433.96
1445.72
1452.68
1460.44
1469.65
1478.3
1484.95
1499.29
1527.88
1564.46
1619.58
1690.46
1701.92
1711.29
1731.76
1749.33
1762.8
1781.18
1802.31
1816.35
1826.62
1843.17
1854.85
1868.32
1889.59
1903.21
1916.51
1926.72
1939.11
1946.33
1966.85
1981.76
1991.43
2005.01
2019.12
2042.77
2069.22
2078.62
2091.92
2111.66
2126.87
2162.01
2184.56
2215.73
2234.7
2258.24
2269.91
2283.86
2299.78
2319.95
2336.98
2374.18
2394.41
2408.47
2419.16
2433.11
2445.89
2458.36
2473.55
2481.99
2495.41
2506.18
2514.55
2526.46
2537.82
2550.58
2561.5
2574.85
2587.41
2602.92
2619.07
2635.12
2668.96
2706.51
2720.39
2733.87
2745.33
2755.12
2767.29
2777.99
2786.94
2798.23
2807.46
2822.18
2831.26
2846.28
2861.52
2877.81
2896.86
2905.2
2914.4
2924.02
2930.72
2938.72
2954.38
2975.81
2983.27
2995.8
3006.04
3019.16
3029.08
3040.03
3053.59
3072.95
3100.12
3113.16
3121.92
3128.57
3139.53
3149.52
3159.36
3181.16
3202.24
3212.25
3220
3233.3
3249.28
3267
3289.37
3305.82
3317.11
3329.59
3344.95
3356.81
3369.59
3376.41
3383.75
3394.57
3410.13
3432.73
3448.41
3467.63
3479.97
3486.7
3494.95
3504.52
3514.06
3521.77
3530.23
3542.85
3549.82
3559.12
3568.79
3585.97
3598.01
3623.63
3660.05
3687.71
3711.97
3743.12
3776.3
3839.78
3929.3
4051.93
4059.7
4070.31
4087.09
4106.84
4115.61
4123
4128.39
4135.31
4146.6
4161.52
4179.05
4197.84
4232.22
4288.98
4313.08
4331.39
4342.03
4351.65
4359.75
4371.02
4392.03
4413.11
4449.81
4490.31
4527.46
4541.77
4564.3
4597.08
4607.9
4618.97
4630.26
4648.07
4669.82
4683.32
4701.5
4715.02
4747
4788.61
4794.92
4802.19
4807.71
4815.36
4828.51
4847.76
4862.31
4888.12
4908.56
4943.29
4988.93
4999.59
5018.48
5042.67
5069.45
5092.12
5126.28
5144.17
5167.26
5179.22
5212.39
5233.76
5256.42
5282.13
5301.23
5314.99
5328.15
5335.66
5345.89
5351.78
5357
5365.01
5376.73
5390.67
5401.18
5409.43
5423.83
5452.46
5482.16
5518.72
5549.38
5587.14
5606.58
5646.95
5691.48
5701.35
5712.86
5726.63
5694.57
5708.8
5714.57
5735.93
5749.06
5760.07
5768.49
5780.9
5794.42
5812.78
5827.54
5837.67
5849.36
5855.98
5866.59
5876.37
5888.82
5903.03
5919.08
5930.52
5943.69
5951.64
5958.06
5966.14
5975.29
5988.94
5997.06
6010.77
6028.63
6057.11
6114.6
6189.19
6205.67
6223.18
6246.04
6255.71
6269.43
6293.97
6318.18
6329.04
6343.86
6360.54
6382.62
6398.42
6417.74
6424.39
6433.33
6444.87
6460.24
6478.03
6505.92
6529.51
6540.27
6550.09
6561.94
6578.74
6594.88
6617.11
6625.19
6631.15
6637.19
6644.75
6651.86
6661.62
6669.41
6681.53
6699.37
6714.83
6723.29
6730.81
6738.3
6744.27
6749.6
6761.55
6770.88
6793.96
6808.54
6824.02
6835.46
6847.78
6857.99
6842.48
6855.09
6871.61
6859.21
6878.54
6904.45
6941.97
6909.99
6928.74
6938.53
6947.19
6952.29
6961.14
6971.93
6987.5
7010.51
7027.05
7047.76
7008.86
7027.58
7037.94
7052.94
7061.24
7075
7113.69
7153.03
7158.24
7165.15
7170.55
7178.52
7190.34
7201.4
7209.24
7222.11
7242.01
7253.89
7262.85
7277.1
7285.24
7292.61
7302.34
7309.71
7321.07
7332.89
7345.47
7355.32
7367.2
7386.57
7402.18
7394.58
7385.78
7394.85
7410.1
7416.32
7435.77
7461.22
7474.8
7500.41
7506.71
7541.27
7547.89
7555.26
7560.18
7567.72
7580.3
7597.42
7614.44
7633.56
7653.35
7645.87
7655.08
7675.15
7697.12
7701.81
7714.68
7731.38
7737.87
7747.5
7757.53
7768.8
7779.31
7799.77
7825.51
7813.04
7824.71
7829.46
7833.59
7842.07
7784.99
7791.24
7797.82
7806.32
7815.66
7829.24
7837.1
7856.81
7882.43
7897.44
7916.29
7930.88
7940.61
7950.47
7968.34
7983.91
7998.16
8030.92
8050.88
8072.83
8104.67
8157.33
8169.68
8184.47
8206.76
8255.91
8275.28
8285.73
8303.68
8326.14
8230.84
8274.7
8300.42
8407.87
8611.94
8889.19
8897.69
8905.32
8912.83
8921.34
8925.41
8935.05
8948.64
8934.4
8951.5
8970.49
9007.74
9065.82
9116.96
9129.29
9143.98
9170.41
9203.54
9210.16
9217.84
9233.84
9258.27
9283.04
9316.13
9359.19
9394.97
9422.41
9506.64
9597.71
9615.98
9648.68
9689.51
9697.97
9708.85
9720.31
9731.74
9742.14
9752.28
9764.41
9772.5
9782.49
9792.57
9800.72
9824.81
9858.65
9870.18
9874.14
9880.72
9890.03
9895.59
9903.74
9914.84
9931.52
9951.83
9963.04
9974.08
9991.69
10022.1
10109.7
10237.9
10260
10270.6
10278.5
10353
10355.9
10359.9
10366.1
10376.4
10390.3
10413.4
10449.7
10486
10510.9
10528.2
10552.9
10596
10615.2
10634.9
10649.3
10679.4
10688.6
10698.3
10711
10731.3
10751
10774
10777.5
10787.5
10799.3
10804.3
10807.3
10816.2
10826.7
10839.9
10847
10860
10868.3
10878.9
10885.7
10895.6
10908.4
10924.5
10930.9
10939.7
10952.9
10974.5
11006.1
11048.1
11052.3
11060.4
11073.6
11089.6
11110
11136.3
11159.2
11167.5
11177.1
11189
11205.5
11224.4
11231.1
11235.8
11243.3
11265.7
11278.3
11314.1
11323.4
11328.5
11333.4
11340.2
11347.5
11355.5
11368.9
11383.3
11398.3
11420
11440.6
11486.8
11513.3
11533.6
11598.3
11673.6
11685.1
11707.1
11721.1
11727.2
11735.9
11749.3
11764.5
11786.8
11801.4
11811.1
11842.3
11876.2
11895.6
11936.7
11940.7
11945.6
11951.5
11957.4
11963.4
11971.6
11982
11999.6
12017.5
12028.7
12039.9
12049.5
12056.7
12065.8
12076.9
12100.5
12114.2
12130.1
12145.1
12149.1
12152.9
12159.2
12164
12170.9
12182.4
12192.7
12209.3
12240.7
12298.5
12390.4
12400.6
12403.2
12406.4
12410.3
12416.8
12378.9
12386
12390.6
12397.4
12405.2
12413.7
12431
12451.1
12463.4
12483.9
12499.3
12517.4
12536.5
12547.9
12559.1
12572.5
12581.4
12594
12602.7
12623
12654.9
12700.3
12706.6
12716.2
12726.4
12736.4
12745.3
12755.5
12766.7
12782.9
12789.1
12794.5
12798.3
12819.6
12904.4
12911.7
12923.3
12942.3
12969.9
13005.8
13027
13039.4
13050.9
13063.7
13077.3
13086.9
13104
13112.7
13118.1
13123.3
13126.8
13134.2
13143.6
13155.4
13174.7
13203.5
13234.1
13209.8
13220.5
13227.2
13237.3
13248.2
13255.6
13259.9
13264.8
13272.1
13283.5
13297.5
13317.9
13331.3
13351.6
13398.1
13469.4
13503.1
13561.2
13588.3
13600.4
13616.9
13631.9
13644.7
13658.7
13674.3
13682.4
13693.6
13701.5
13714.8
13737.5
13778.1
13784.1
13790.2
13798
13805.6
13816.6
13832.2
13844.3
13861.9
13866.6
13870.2
13875.7
13879.1
13885.2
13893.3
13906
13917.1
13926.9
13935.7
13945.3
13892.4
13903.3
13908.3
13914.7
13921.7
13928.2
13943.4
13964.2
14005.8
14058
14065
14078.5
14094.7
14117.9
14130
14141.3
14154
14162
14166.7
14176.6
14183.6
14191.7
14205.9
14228
14243.2
14258.2
14286.3
14326.3
14378.9
14393.7
14402.1
14417.6
14450.7
14487.3
14493.7
14501
14510.4
14525.4
14537.2
14566.5
14601.9
14631.6
14643
14654.7
14670.2
14694.1
14727
14744.7
14764.5
14776.7
14781.5
14791
14802.2
14815.5
14824.9
14829.1
14837.1
14843.4
14848.8
14856.6
14872.7
14883.8
14901
14906
14917.9
14932.6
14944.9
14952.8
14960
14963.9
14970.4
14980.6
14994.4
15007.3
15022.4
15026.8
15033.1
15042.7
15053.1
15059.9
15070.6
15080.6
15093.9
15123.3
15129.6
15147.8
15214.2
15309
15321.4
15377.3
15568.1
15575.8
15596.3
15628.3
15649.5
15679.1
15719.2
15742.3
15766
15778
15789.9
15792
15818.5
15837.2
15844.3
15853.5
15862.8
15876.7
15895.6
15916
15935
15939.2
15944.3
15955.1
15959.8
15965
15973.7
15982.8
15987.8
15995.1
16009
16032.9
16071.4
16126.2
16132.4
16137.2
16147.4
16155.4
16161.7
16173.1
16187.5
16196
16211.9
16215.8
16222.5
16227.4
16231.6
16238.2
16245.1
16263
16292.2
16300.6
16309.7
16318.1
16336
16344.5
16357.4
16363.4
16368.1
16377.5
16384
16394.6
16402.6
16408.1
16416.7
16424.3
16430.2
16436.8
16451.8
16464.9
16470.9
16476.7
16483.8
16493
16513.2
16536.2
16568.7
16580.1
16599.3
16630.2
16652.7
16672.7
16707.8
16726.4
16734.5
16748.1
16750.9
16754.1
16758.2
16766.2
16773.9
16781.1
16783.9
16785.2
16790.7
16801.3
16823
16849.7
16866.5
16877.6
16911.1
16920.1
16930.1
16938.1
16952.7
16961.2
16973.4
16985.2
16988.1
16993.1
16999.8
17010.2
17021
17024.7
17030.3
17054.3
17206.7
17212.5
17217.9
17226.1
17236.3
17250.5
17267.8
17273.7
17278.3
17287.4
17304.9
17326.4
17361.8
17402.7
17406.5
17412.2
17421.7
17439.7
17469.6
17559.8
17570.3
17581.6
17584.9
17596.2
17603.8
17617.6
17626.1
17640.6
17648.6
17655.3
17660.2
17675.7
17694.7
17704.4
17722.6
17757.2
17770.2
17786.7
17802.6
17805.7
17810.8
17821.3
17851.1
17863.7
17885.4
17921.5
17961.2
18030.3
18105.9
18110.1
18120.1
18128
18140.7
18157.2
18168.7
18179.5
18190.2
18197.2
18202
18206.1
18213.8
18223.7
18248.7
18275.3
18295.5
18337.2
18340.8
18351.8
18358
18364.8
18371
18378.9
18389.8
18395.1
18399.1
18404.3
18413.7
18419.7
18430.2
18439.2
18452.1
18463.8
18477.6
18514.2
18537.3
18559.5
18590.8
18608.3
18630.3
18636.6
18646.7
18660.2
18663.2
18679.6
18687.1
18695.6
18707.2
18710.1
18717.5
18736.6
18775.1
18830.3
18844.8
18848.1
18854.1
18863.2
18873.2
18887.9
18920.6
19095.9
19110.6
19128.8
19133.6
19144.7
19167.8
19178.5
19207
19212.2
19220.5
19228.2
19240.7
19248.8
19252.7
19258.5
19274.7
19278.2
19282.7
19310.7
19322.3
19338.3
19352.1
19363.2
19368.3
19372.4
19376.9
19383
19394.2
19415.5
19431.4
19453.8
19459.7
19474.6
19528.9
19600
19609.8
19620.9
19624.8
19632.6
19670.1
19733
19796.5
19805.6
19814.1
19815.7
19818.3
19822.3
19829.7
19847.5
19869.1
19876.1
19888.3
19901.3
19905.4
19910
19911.7
19944
19949.7
19953.7
19959.7
19972.2
19989.8
19997.4
20035.3
20098.6
20099.7
20104.7
20106.7
20107.1
20110.7
20115.7
20122.3
20136.3
20161.7
20185
20190.7
20197.7
20202.1
20213.3
20234.6
20243.9
20255.4
20265.5
20277.7
20284.2
20287.2
20290.6
20296.5
20306.9
20310.3
20479.5
20488
20491.7
20497.1
20500.4
20507.5
20515.8
20537
20569.7
20582.5
20588.8
20601.9
20642.3
20690.6
20719
20753.7
20755.3
20760.2
20770.5
20776.7
20787.2
20801.5
20816.3
20831.3
20837.6
20845.5
20857.3
20873
20922
20927.4
21011.3
21013.6
21017.7
21022.2
21028.3
21045.7
21051.2
21053.3
21057.2
21061.8
21066
21070.1
21074
21082.1
21089.6
21112.6
21149.6
21186.1
21204
21210.2
21214.9
21222.3
21235.8
21245.2
21252.2
21266.3
21269.1
21283
21293.3
21311.4
21322.4
21326.6
21330
21332.3
21332.5
21335.8
21341.3
21350.3
21360.6
21381
21398.3
21413.6
21435.2
21440.3
21444.2
21448
21455.5
21459.9
21465.3
21471.1
21475.2
21490.3
21514.3
21716
21720
21720
21720
21724
21732
21748
21788
21796
21800
21816
21816
21816
21820
21824
21832
21836
21844
21848
21852
---------------------------------
0.969697
2.32727
4.87273
7.34545
11.4182
15.8061
20.7758
23.8061
28.2909
33.4545
40.9455
47.7091
53.9394
61.5273
68.1697
75.2727
80.3394
85.3091
91.6606
100.921
109.794
119.03
132.048
144.388
156.242
166.812
177.988
184.533
196.267
205.091
211.709
217.406
226.448
232.752
237.648
244
251.83
263.321
276.024
283.952
295.952
313.042
322.279
330.691
344.218
355.539
364.727
372.412
381.285
394.57
408.485
422.691
438.206
458.158
479.661
490.57
498.521
511.636
526.352
535.879
545.891
555.782
564.461
572.873
585.188
593.576
604.63
613.988
623.685
630.109
638.012
649.964
662.448
675.442
688.727
700
714.521
719.612
731.442
741.503
750.788
768.63
788.727
804.703
815.588
831.224
845.503
858.182
876.582
898.545
920.073
942.448
958.642
979.855
991.758
1005.21
1013.12
1023.42
1034.01
1041.48
1048.41
1060.65
1081.87
1095.66
1109.89
1126.5
1147.25
1164.17
1180.8
1202.47
1231.83
1255.81
1268.87
1280.29
1290.04
1294.81
1305.5
1314.79
1325.45
1334.84
1346.3
1364.44
1377.77
1391.08
1401.28
1416.92
1428.8
1445.7
1458.69
1470.33
1481.07
1497.21
1516.15
1523.32
1532.46
1540.05
1547.81
1556.32
1567.81
1586.13
1599.9
1620.87
1632.85
1647.1
1665.04
1686.21
1703.59
1732.29
1764.51
1784.58
1842.23
1856.19
1872.41
1885.21
1925.43
1940.19
1955.08
1969.09
1982.91
1999.13
2007.66
2014.76
2021.72
2038.62
2074.38
2122.47
2133.67
2144.51
2175.42
2192.27
2205.94
2231.37
2258.96
2284.58
2309.24
2324.19
2348.78
2370.21
2385.99
2409.79
2423.81
2435.3
2451.78
2465.75
2478.88
2498.52
2523.22
2544.9
2566.28
2585.31
2605.92
2621.92
2636.07
2649.5
2660.85
2667.71
2681.24
2692.34
2702.11
2711.81
2726.35
2735.44
2751.13
2769.07
2780
2793.19
2807.78
2820.73
2839.47
2850.01
2858.84
2870.06
2878.96
2888.39
2900.87
2919.61
2935.47
2940.92
2955.61
2976.44
2988.92
3009.04
3029.77
3044.15
3059.13
3067.08
3082.64
3088.32
3100.39
3113.19
3126.13
3145.09
3156.73
3172.34
3187.71
3219.15
3238.88
3258.42
3271.66
3281.92
3291.32
3301.26
3317.26
3337.55
3348.36
3362.25
3377.79
3401.26
3418.52
3431.78
3444.22
3459.37
3480.78
3489.99
3500.95
3522.13
3542.74
3552.8
3561.31
3575.98
3582.72
3591.44
3606.57
3622.08
3634.13
3644.44
3663.32
3674.91
3685.02
3712.22
3732.56
3776.68
3799.18
3820.87
3856.39
3864.58
3880.15
3906.64
3937.6
3964.7
4009.96
4035.03
4074.64
4098.06
4109.09
4118.4
4138.91
4150.81
4172.99
4182.96
4198.11
4213.28
4229.14
4244.73
4263.54
4285.72
4310.88
4331.27
4344.8
4376.9
4438.23
4485.26
4504.24
4534.04
4570.93
4629.31
4662.81
4673.16
4681.7
4692.61
4705.94
4711.9
4722.42
4737.92
4750.06
4764.58
4779.95
4786.69
4793.45
4802.81
4810.67
4825.75
4845.36
4860.05
4873.55
4889.94
4909.43
4917.09
4927.27
4944.65
4963.13
4993.92
5042.23
5081.12
5092.12
5113.6
5209.7
5311.83
5373.96
5395.18
5425.87
5455.15
5471.68
5484.48
5511.22
5563.59
5576.63
5608.87
5619.32
5629.24
5636.65
5646.84
5657.79
5671.05
5686.57
5697.19
5708.56
5721.62
5730.28
5743.32
5752.51
5768.29
5788.82
5800.51
5808.95
5823.66
5843.49
5854.45
5869.62
5835.14
5851.68
5867.29
5884.22
5894.72
5908.74
5943.02
5972.88
5991.24
6013.18
6020.2
6038.53
6056.29
6067.17
6077.91
6100.96
6108.42
6120.76
6139.61
6166.33
6203.26
6218.21
6234.99
6251.68
6266.72
6276.05
6286.99
6299.95
6311.73
6296.32
6306.47
6319.36
6338.22
6348.37
6360.74
6373.83
6384.81
6395.36
6407.75
6424.54
6440.77
6457.33
6480.86
6512.57
6526.96
6540.35
6554.96
6573.43
6587.21
6592.44
6603.23
6620.47
6636.32
6656.81
6678.72
6692.69
6706.54
6743.75
6764.94
6775.63
6794
6816.69
6823.14
6832
6840.89
6849.95
6864.59
6890.67
6940.54
6953.26
6966.59
7001.83
7010.89
7019.68
7029.98
7040.1
7051.21
7058.99
7067.23
7075.98
7087.16
7093.58
7044.6
7057.05
7073.05
7100.32
7129.62
7163.82
7182.57
7200.07
7227.48
7249.45
7267.73
7276.93
7289.73
7323
7365.77
7379.95
7392.93
7407.9
7428.93
7443.07
7450.93
7465
7489.93
7500.85
7516.9
7533.25
7548.15
7570.43
7582.93
7600.32
7620.82
7637.8
7673.7
7614.81
7626.76
7644.94
7661.7
7669.27
7683.8
7692.56
7706.2
7716.84
7724.43
7732.08
7746.13
7755.54
7769.7
7747.21
7763.87
7738.18
7752.31
7767.72
7790.15
7800.15
7821.15
7844.15
7852.85
7859.67
7789.3
7798.81
7807.77
7815.92
7830.57
7846.81
7858.31
7871.06
7886
7912.96
7934.65
7947.48
7974.42
7999.56
8011.51
8058.39
8073.32
8088.88
8095.22
8065.1
8087.71
8094.59
8059.5
8068.34
8075.21
8082.21
7921.57
7939.08
7902.2
7908.71
7919.97
7931.05
7896.66
7908.9
7922.74
7947.78
7981.45
7992.44
8004.3
8035.15
8047.84
8066.88
8090.08
8108.85
8124.96
8157.04
8204.71
8250.82
8300
8306.52
8319.1
8335.18
8356.68
8371.18
8384.11
8409.84
8427.23
8460.14
8507.53
8583.67
8596.38
8600.99
8607.26
8615.73
8622.77
8628.03
8635.21
8640.77
8650.55
8668.52
8687.42
8696.55
8709.26
8675.37
8680.69
8688.33
8699.61
8711.59
8727.37
8750.26
8767.72
8801.02
8828.28
8833.35
8842.62
8848.17
8857.96
8868.97
8878.7
8885.43
8893.71
8907.37
8928.94
8958.4
8981.79
8988.94
8996.14
9003.03
8954.11
8963.64
8972.53
8985.47
8999.31
9016.56
9043.89
9051.28
9061
9073.67
9083.64
9107.61
9118.14
9140.5
9159.92
9171.5
9196.17
9240.22
9324.61
9383.06
9403.97
9416.36
9428.17
9434.58
9445.78
9454.58
9459.19
9464.86
9474.06
9485.31
9494.83
9499.17
9506.64
9516.47
9524.69
9530.67
9543.89
9556
9576.14
9613.28
9621.39
9613.2
9625.82
9640.67
9649.2
9658.88
9670.74
9698.38
9746.15
9780.28
9915.75
9928.25
9939.27
9952.48
9985.44
10030.4
10080.2
10203.7
10337.1
10518.6
10528.6
10536.1
10556.1
10564.9
10608.6
10687.1
10809.9
10833.3
10859.1
10894.7
10924.3
11005.1
11120.7
11136
11141.2
11149.2
11169.4
11188.4
11210.4
11237.9
11255.7
11277.9
11312.4
11389.2
11498.7
11505.9
11510.7
11517.2
11527.8
11542.5
11548.1
11551.8
11558.5
11568.2
11574.5
11578.7
11583.6
11589.6
11601.4
11632.6
11673.2
11682
11690.9
11703.3
11718.9
11731.3
11735.9
11752.4
11769.8
11774.8
11789.5
11770
11797.5
11815.2
11837.3
11844.1
11857.2
11872.9
11899
11915.6
11926.4
11932.1
11945.3
11967.6
11973.4
11979.2
11982.8
11991.7
12003.7
12010.8
12014.8
12029
11972.4
11982.3
11989.9
11998.4
12016.7
12043.9
12053.6
12066.2
12073
12080.3
12085.8
12096.3
12109
12132.8
12164.3
12186.2
12216.3
12222.1
12233.6
12241.8
12256.7
12270.7
12276.3
12281.3
12290.9
12304.3
12314.5
12328.5
12340.5
12347.1
12383.7
12395.9
12400.3
12408
12416.7
12427.2
12441.3
12453
12470
12498.6
12526.2
12580.3
12649.6
12666.4
12692.7
12740.3
12792.7
12830.8
12885.3
12917
12932
12938.3
12944.5
12980.1
12983.6
12899.6
12971.4
12977.9
12986.7
12997.9
13006.6
13015.6
13023.6
13033.7
13041.5
13062.5
13085.6
13104.1
13114.1
13122.9
13127.7
13138.4
13157.4
13165.4
13172.1
13181.7
13194.9
13205.2
13218.6
13232.5
13252.7
13274.6
13310
13365
13372.7
13380.2
13383.8
13388.2
13393
13398.4
13403.6
13408.6
13412.6
13416.7
13424.9
13438.4
13446.8
13452.5
13459.6
13470.3
13485.3
13500.2
13531.3
13579.5
13635.7
13650
13662.5
13668.2
13677.1
13682.2
13688.4
13698.2
13714.4
13723.7
13738.4
13743.7
13756.4
13768.1
13774.4
13780.2
13789.6
13813.1
13823.3
13839.1
13878.4
13883
13889.7
13898.3
13908
13917
13934.9
13952.1
13991.3
14001.4
14007.4
14012.7
14018.6
14039.9
14056.6
14072.9
14080.5
14086.8
14100.3
14105.4
14114.7
14121.3
14130
14142
14152.6
14162.2
14173
14183.4
14192.4
14203.3
14227.4
14231.7
14235.6
14241.3
14249.5
14262.6
14266.4
14270.7
14274.3
14281.4
14307.7
14358.2
14427.7
14472.1
14599
14607.2
14615.5
14623.1
14633.2
14656.4
14684.5
14736.9
14804.6
14813.6
14859.7
14864
14869.4
14889
14985.3
15009.5
15012.3
15018.7
15028.2
15040.3
15051.1
15062
15064
15068.9
15079.9
15091.6
15104.6
15112.7
15114.3
15120.1
15127.2
15132.5
15138.8
15146
15156.9
15163
15172.6
15181
15202.8
15224.6
15248.1
15361.6
15372.2
15392.3
15433.2
15455
15464.7
15466.8
15475.7
15483.9
15491
15493.1
15496.1
15501.4
15511.1
15528.8
15561.3
15593
15644.5
15666.5
15703
15711.6
15713.8
15719.5
15727.1
15730.3
15733.6
15739
15745.9
15760.5
15783.8
15796.1
15842.7
15907.2
15922
15941.2
15949.2
15957.8
15959.2
15963.2
15973.9
15983.4
15993.2
16006.9
16016.9
16018.5
16024.5
16033.2
16036.3
16045.5
16061.6
16073.3
16083.4
16096.8
16124.8
16149.6
16172.5
16178.4
16201.9
16236.5
16241.3
16249.9
16258.6
16263.9
16276.1
16280.9
16283.1
16289.2
16294.1
16300.3
16304
16310.8
16317.4
16326
16345.6
16354.4
16358.8
16362.7
16365.8
16370.7
16377.3
16392
16398.6
16415.1
16439.7
16451.2
16462.4
16466
16469.6
16476.5
16491.9
16511.2
16514.2
16524.6
16571.9
16663.4
16834.9
17081
17084.7
17089.7
17097.2
17112.2
17222.6
17242.8
17250.2
17255.7
17259.5
17263.7
17272.1
17290.9
17317.7
17325
17330.5
17335.4
17368.3
17373.5
17382.7
17388.4
17394.4
17404.9
17419.9
17482.7
17487.9
17503.1
17517.6
17533.1
17538.1
17540.1
17559.1
17590.7
17623.4
17636.1
17669
17675.6
17685
17699.2
17702.6
17709.4
17710.6
17719.9
17742.1
17743.5
17748
17762.2
17806.4
17811.6
17823
17832.1
17842.2
17847.2
17862
17887.7
17890.8
17895.4
17907
17922.1
17932.2
17942.8
17950.1
17976.3
17980.1
17987.3
17996.2
17997
18002.8
18022.4
18058
18104.5
18106.1
18111.2
18119.4
18131.4
18135
18140.1
18150.4
18172.7
18210.1
18274.2
18377.2
18386.2
18391.8
18393.3
18397.4
18400.8
18402.2
18407
18417.3
18431.3
18435
18438.8
18440.8
18444.7
18457.4
18472.4
18477.2
18484.1
18487.2
18488.6
18491.7
18497.3
18506.5
18509.6
18511.5
18519.2
18525
18531.7
18556.6
18588.8
18600.4
18613.1
18699.2
18715.8
18761.4
18770.9
18782.3
18790.9
18806.6
18818.4
18821.3
18824.5
18833.5
18839.2
18841.2
18846.3
18850.8
18855.2
18861.4
18864.5
18865.2
18870.1
18890
18900.7
18902.2
18910.8
18934.8
18937.9
18942.9
18950.3
18952.9
18956.9
18961.1
18969.8
18982.9
18987.4
18993.9
19002.2
19008.1
19017.9
19021.4
19024.4
19045.1
19075.9
19078.9
19080.1
19083.8
19085.6
19093.2
19108
19108.5
19110
19103.8
18684
18692
---------------------------------
