0.961857
2.7728
4.84909
6.74627
10.8192
14.9187
19.1708
23.3831
27.3167
31.874
37.0879
44.4909
50.9187
57.4726
64.325
70.5207
75.3698
80.8889
85.9967
92.126
99.3566
108.08
118.912
129.526
141.546
152.226
161.327
168.643
175.423
181.957
189.97
198.123
204.458
211.456
217.128
224.146
230.527
238.242
246.919
257.134
270.056
281.101
293.519
305.134
319.483
331.781
342.275
356.988
373.678
385.977
396.444
405.386
417.121
428.856
437.068
446.746
455.841
465.42
475.874
486.494
496.929
508.823
522.401
529.937
538.746
546.74
555.861
565.061
574.003
581.964
588.816
596.869
603.881
613.294
625.572
638.541
652.776
665.512
676.683
686.799
697.022
707.005
720.458
731.071
745.32
757.645
773.818
795.323
820.464
845.015
861.692
881.234
894.282
909.977
927.761
947.051
962.003
976.066
990.05
1004.7
1023.34
1035.95
1047.52
1058.45
1069.7
1080.02
1092.09
1102.63
1110.87
1117.45
1125.2
1136.01
1146.41
1157.37
1169.69
1180.09
1189.07
1197.85
1207.43
1215.23
1227.05
1238.2
1251.18
1263.26
1274.57
1289.09
1303.87
1319.99
1337.97
1355.66
1370.24
1382.26
1393.66
1405.73
1414.84
1423.24
1431.25
1439.73
1451.11
1460.55
1469.25
1481.43
1492.79
1503.1
1512.41
1523.02
1534.38
1547.73
1558.97
1569.38
1578.33
1590.89
1605.04
1619.22
1634.16
1647.93
1660.89
1672.15
1685.24
1698.1
1711.28
1726.15
1733.21
1746.53
1764.84
1785.22
1809.9
1834.41
1857.31
1883.42
1911.65
1946.74
1992.19
2021.51
2059.31
2078.27
2106.74
2125.98
2144.5
2159.55
2177.54
2198.84
2216.01
2232.38
2249.81
2268.82
2289.24
2308.44
2324.45
2344.55
2371
2384.15
2401.86
2425.64
2437.84
2461.85
2474.2
2488.41
2498.91
2508.19
2521.31
2533.52
2548.38
2561.67
2569.21
2580.98
2595.08
2604.86
2613.71
2623.97
2639.31
2652.66
2665.21
2680.82
2695.34
2705.65
2714.81
2725.58
2739.38
2754.08
2769.27
2781.24
2789.51
2806.33
2824.34
2835.21
2847.84
2860.25
2873.29
2889.97
2906.43
2918.67
2931.31
2946.74
2958.54
2972.21
2989.82
3002.55
3012.3
3021.98
3030.65
3042.37
3055.1
3066.59
3083.64
3096.97
3111.51
3128.15
3141.95
3161.07
3176.51
3191.12
3211.5
3230.37
3244.86
3252.14
3263.58
3274.3
3285.45
3296.66
3307.94
3320.02
3333.11
3350.99
3371.56
3384.91
3394.95
3405.41
3417.42
3434.09
3443.71
3459.41
3467.34
3474.62
3484.94
3497.27
3507.08
3520.4
3540.92
3555.22
3571.05
3588.01
3611.11
3637.04
3658.2
3672.36
3688.49
3700.48
3714.24
3723.74
3735.42
3746.93
3758.94
3774.82
3798.59
3830.67
3864.56
3884.03
3909.91
3936.55
3971.98
4010.7
4056
4105.01
4156.23
4178.25
4206.03
4227.87
4236.21
4258.32
4277.7
4291.93
4309.6
4321
4336.88
4362.87
4398.07
4420.15
4436.03
4456.19
4497.75
4514.17
4530.86
4539.79
4548.77
4557.13
4571.79
4591.54
4609.33
4630.32
4648.94
4678.47
4727.75
4756.21
4780.44
4804.11
4829.26
4848.01
4882.68
4899.2
4918.97
4941.83
4958.51
4977.43
5017.28
5043.62
5061.58
5079.84
5091.01
5103.66
5121.77
5137.52
5146.47
5161.51
5184.13
5208.36
5220.37
5233.22
5247.79
5269.11
5294.43
5308.46
5320.68
5334.92
5351.71
5373.47
5399.3
5429.45
5441.51
5453.72
5470.31
5492.05
5512.03
5530.34
5545.19
5560.27
5580.72
5604.54
5624.76
5639.43
5655.83
5668.64
5684.6
5705.65
5730.05
5738.55
5746.4
5756.68
5767.05
5781.63
5796.99
5813.41
5829.78
5844.74
5854.62
5864.71
5877.73
5888.77
5900.96
5912.31
5923.71
5932.29
5944.78
5952.61
5963
5973.94
5985.59
6002.32
6020.85
6035.61
6052.84
6060.64
6073.76
6089.88
6108.73
6120.15
6131.42
6146.85
6157.29
6172.42
6182.19
6193.4
6206.65
6218.62
6235.89
6257.87
6271.75
6292.63
6314.16
6339.83
6361.83
6380.15
6392.33
6408.11
6421.21
6436.05
6451.46
6463.85
6476.19
6490.62
6512.29
6527.64
6541.78
6560.07
6571.19
6583.1
6590.14
6598.16
6607.04
6617.42
6635.78
6651.77
6665.95
6679.58
6697.33
6712.34
6726.54
6743.3
6756.31
6770.81
6787.93
6808.62
6829.47
6846.99
6860.86
6874.28
6887.36
6905.42
6929.43
6947.83
6978.79
7009.74
7038.91
7062.59
7079.36
7090.45
7106.45
7120.85
7135.39
7148.71
7168.26
7174.93
7185.26
7200.87
7213.7
7229.21
7249.98
7268.84
7290.13
7314.84
7347.04
7364.74
7382.79
7396.76
7414.35
7427.59
7434.99
7449.17
7462.97
7474.87
7486.21
7498.3
7509.86
7525
7535.37
7546.78
7554.69
7563.5
7574.65
7587.73
7596.05
7605.26
7616.32
7629.36
7645.33
7654.51
7665.59
7690.33
7706.08
7725.47
7752.39
7778.14
7796.68
7816.83
7830.53
7842.95
7862.22
7881.63
7896.38
7912.31
7928.39
7942.22
7962.7
7985.04
8002.47
8018.75
8035.38
8055.1
8069.92
8089.43
8106.14
8124.29
8135.6
8144.38
8157.11
8174.53
8191.22
8206.59
8225.8
8267.14
8293.78
8335.1
8360.17
8376.98
8397.83
8426.83
8473.76
8516.1
8534.77
8548.44
8568.5
8589.08
8611.77
8629.9
8657.06
8677.98
8699.77
8723.37
8752.9
8783.58
8828.4
8876.18
8919.47
8970.55
8979.53
8989.25
9003.13
9020.73
9035.89
9053.44
9064.52
9075.76
9098.81
9116.23
9156.05
9211.81
9231.59
9257.86
9294.37
9323.54
9343.16
9371.63
9390.14
9425.3
9498.67
9575.42
9652.64
9712.05
9791.19
9812.17
9832.56
9861.84
9889.43
9931.71
9978.11
10024.3
10085.5
10107.4
10135
10182.1
10204.8
10218.7
10236.4
10247.3
10258.4
10283.1
10302.5
10343.9
10405.2
10464.8
10481.1
10507.2
10521.7
10534.4
10544.2
10555.8
10566
10576.2
10585.9
10596.5
10607.7
10625
10638.1
10655.2
10664.7
10676.4
10689.1
10703
10719.5
10728.7
10737.2
10745
10753.8
10763.2
10772.3
10786.1
10806.1
10820.8
10849
10867.7
10883.8
10896.1
10906.7
10917.5
10932.7
10963.6
10995.6
11021.2
11064
11100.8
11125.2
11165
11192.3
11230.1
11262.9
11289.3
11312.9
11327.6
11342.1
11354.4
11376.2
11394.3
11409.1
11429.5
11456.3
11469.5
11482.3
11491.8
11504.3
11522
11534.2
11553.4
11566.1
11579.8
11594.8
11611.2
11627
11641.6
11651.6
11660.1
11667
11675.8
11694.5
11713.6
11728.6
11742.6
11755.3
11769.5
11784.1
11795.4
11808.9
11827.7
11835.5
11850.1
11865.4
11886
11886.3
11895.8
11908.3
11928.1
11939.9
11956
11976.2
12009.6
12052.4
12080
12098.2
12124.2
12141.2
12179.4
12229.2
12245.1
12262.1
12292.9
12273.3
12290.9
12304.5
12323.5
12347.9
12363.5
12382.4
12397.1
12412.2
12429.6
12455.3
12486.2
12494.7
12512.5
12559.6
12574.3
12583
12596.8
12593.5
12610
12626.3
12652.2
12669.5
12685.4
12694.1
12705.2
12718.8
12741.5
12753.1
12771.2
12795.3
12810.7
12772.7
12787.1
12800.5
12824.3
12863.2
12875.1
12890.2
12902.8
12914.7
12926.1
12936.5
12947.4
12959.1
12973.2
12982
12998.3
13006.7
13017.1
13031.7
13052.9
13072.7
13094.5
13113.7
13128
13145.1
13167.7
13179.4
13195.2
13208.8
13225.1
13236.1
13256.4
13274.5
13293.8
13310.3
13324.4
13334.1
13351.8
13371.6
13386.3
13400.1
13412.8
13431
13443.2
13458.7
13470.2
13484.7
13504.6
13532.1
13569
13604.3
13640.2
13682
13708.1
13728.5
13747.9
13775
13789.3
13812.3
13830.6
13847.1
13861.3
13870.4
13861.6
13873.4
13889.3
13903.2
13926.6
13947.7
13958.3
13969.4
13943.7
13914.3
13924.2
13934.9
13947
13960.4
13971.8
13981.4
13993
14005.1
14024
14037.5
14055.6
14079.6
14098.6
14130.4
14153.4
14157.5
14160
14179.3
14208.6
14219.3
14235.3
14261.9
14287.7
14334.3
14358.3
14372
14408.3
14445.9
14473.7
14482.4
14490.9
14496.9
14506.4
14520.5
14530.6
14549
14557.5
14564.5
14571.5
14582.1
14595.3
14608.4
14621.4
14639.6
14661.2
14676
14687.7
14699.1
14724.4
14756.2
14770.1
14783
14770.2
14784.6
14796.5
14817.1
14835.1
14847.6
14859.6
14868.8
14877.6
14889.1
14901.3
14913.1
14923.5
14933.9
14942.3
14950
14959.1
14968.3
14978.8
14991.7
15007
15019.5
15041
15068.4
15107.3
15128.4
15150.8
15188.7
15207.1
15199
15211.2
15240.9
15254.1
15264.2
15276.1
15289
15304.3
15321
15348
15367.2
15390.7
15371.3
15382.1
15391.7
15408.5
15421.4
15431.4
15441.7
15451.5
15463.6
15478.2
15496.7
15518.1
15547.9
15564.8
15586.9
15603.6
15626.8
15641.7
15663.7
15647.8
15678.6
15715.6
15734.2
15745
15765.9
15779.6
15766.9
15782.9
15791.8
15807.2
15818.4
15832.8
15845.5
15856.1
15868
15877.6
15885.8
15895.9
15910.9
15918.9
15928.8
15939.6
15959.7
15983.5
16020.1
16042.6
16039
16068.4
16090.7
16114.4
16156.2
16201.7
16223.6
16266.4
16279.8
16306.8
16338.4
16348.1
16359.5
16370.9
16382.3
16398.5
16411.9
16425.8
16436.2
16447.8
16456.4
16465.7
16473.2
16482.2
16490.1
16500.6
16508.4
16465.8
16479
16449.7
16478.5
16505
16530.3
16544.8
16553.9
16563
16579.6
16594.9
16602.8
16611.7
16591
16598.6
16578.6
16587.2
16597.9
16611.7
16627.2
16641.3
16657.3
16671.2
16684
16695
16701.4
16707.6
16714.3
16722.5
16731.3
16739.9
16750.3
16764.6
16789.1
16827.4
16872
16910.6
16945.4
16965.8
16996.9
17040.6
17084.4
17111.2
17155.6
17171.4
17204.7
17216.4
17230.7
17243.2
17255.3
17212.4
17230.6
17242.2
17201.4
17225.1
17249.4
17272
17307.6
17369.1
17428
17482.6
17494.2
17504.1
17514.2
17523.7
17536.2
17552.3
17573.6
17592.5
17607.4
17626.9
17644.1
17671.6
17706.4
17747.3
17759.6
17777.6
17790.9
17803.1
17822.4
17850.1
17876.7
17888.3
17903.6
17921.3
17956
17941.1
17953
17982.2
17994.1
18028.1
18034.9
18041.7
18048.3
18057.9
18072.5
18094.6
18123.4
18114.1
18137.9
18164.9
18207.9
18257.7
18318.8
18384.9
18400.3
18424.4
18448.2
18457.4
18469.6
18479.3
18507.3
18546.9
18615.8
18723.5
18734.1
18746.3
18757.9
18764.2
18771.9
18783.5
18795.4
18803.8
18817.4
18832.8
18839.8
18850.5
18859.2
18867.2
18877.9
18888.4
18903.6
18924.8
18945.9
18963.7
18973.4
18983.6
18996.4
19005.7
19021.7
19032.8
19042
19048.9
19055.6
19062.7
19075.1
19089.3
19098.7
19113.9
19125.5
19133.3
19142.1
19150.4
19159.3
19167.5
19173.9
19151.6
19158.7
19169.2
19186.4
19213.6
19260.8
19333.4
19486.1
19687.5
19887.8
20295.4
20480.6
20611.1
20739
20827.5
20985.1
21035
21133.6
21180.7
21255.5
21282.9
21298
21312.4
21322.3
21335.6
21370.1
21394.6
21405.4
21421.8
21440.3
21451.8
21462.5
21474.8
21482.9
21497.7
21506.6
21518.7
21528.4
21538.6
21550.7
21568.4
21594.9
21633.4
21695.1
21708
21719.7
21740.2
21764.7
21774.3
21781.3
21791.4
21806.8
21825.2
21834.1
21847.8
21857.3
21834.3
21841.1
21787.7
21796.5
21803.9
21811.6
21824.7
21838.8
21849.3
21858.5
21869.5
21886.5
21951.4
22042.4
22059.4
22071.4
22080.5
22097.6
22116.5
22131.7
22148
22096.8
22107.3
22122.2
22151.4
22169.8
22193.9
22242.7
22251.3
22262.9
22276.9
22297.8
22313.4
22338.3
22351.3
22368.9
22390.9
22402.8
22417.6
22432
22446.6
22458.2
22468.8
22486
22503.7
22514.2
22528.8
22542.9
22554.6
22565.4
22582.8
22593
22603.5
22620.2
22627.3
22636.8
22644.9
22653.2
22665.3
22683.6
22699.9
22718.5
22725.6
22732.7
22747.8
22755.9
22762.7
22771
22780.1
22787.8
22797.2
22805.3
22811.6
22818.8
22826.1
22838.5
22854.8
22878.4
22913.9
22973.5
23065.8
23153.8
23288.1
23407.2
23579.5
23698.8
23749.5
23872.7
23899.3
23909.5
23919.8
23927.8
23936.8
23943.4
23951.7
23962.2
23973.8
23991.2
24008.7
24019.6
24030.4
24039.8
24046.2
24056.5
24070.4
24077
24083.7
24092.8
24100.2
24108.8
24119.7
24129.9
24142.7
24161.1
24177.4
24207.4
24227.5
24263.3
24283.8
24312.5
24330.5
24353.8
24389.6
24421.2
24471
24490.5
24513.3
24541.9
24582.1
24620
24672.2
24689.3
24709
24735
24773
24794.3
24811.8
24821
24851
24909.9
24950.1
24957.5
24963.2
24971.6
24980.2
24987.6
24996
25005.7
25021.8
25039.4
25062.6
25087.4
25115.9
25163.3
25208
25259
25273
25295.1
25307.5
25322.1
25336.3
25345.7
25361.6
25373.2
25384.5
25401.3
25416.7
25437.6
25453.5
25474.2
25484.5
25492.9
25503.6
25515
25523.8
25534.8
25547.5
25556.1
25568.4
25578.3
25588.5
25597
25605.7
25618.3
25625.8
25636.8
25644.8
25652
25661.5
25672.1
25682
25694.8
25710.8
25724.6
25730.1
25739.8
25748.2
25757.7
25771.8
25780
25793.8
25808
25819.7
25827.4
25837
25850.5
25857.5
25869.8
25882.7
25896.2
25919.3
25945.5
25961
25984
25997.4
26006.4
26028.6
26047.2
26060.1
26075.9
26090.1
26100.6
26111.4
26123
26134.1
26156.1
26192.8
26201.9
26210.9
26222.9
26238
26251.9
26262.4
26276.2
26291.9
26305.2
26316.6
26327.8
26339.5
26357.5
26370.9
26389.3
26404.2
26415
26434.3
26462.9
26491.1
26500.7
26519.1
26541.2
26551.9
26559.3
26569.3
26581.5
26603
26625.8
26652.2
26685.9
26711.7
26742.3
26752.2
26764
26777.1
26787.7
26797.7
26807.3
26816.3
26830.3
26838.2
26848
26859.6
26877
26894.2
26922
26942.7
26968.2
26984.4
26996.6
27018.5
27026.2
27037
27055.8
27065.5
27077.2
27088.9
27111.3
27121.3
27130.7
27139.2
27146.4
27156.7
27165
27172.1
27179.7
27189.4
27204.4
27215.9
27221.6
27229.4
27238.7
27250.7
27262.8
27279.1
27296.9
27312.5
27327.5
27343.2
27354.9
27362.9
27376.4
27392.6
27412.6
27426.2
27433.3
27440.6
27449
27462.7
27475
27493.8
27505
27518.6
27534.8
27553.9
27565.2
27590.9
27621.3
27628.2
27633.2
27639.9
27646.7
27652.3
27661.2
27671.6
27683
27697.9
27721.3
27743.2
27769.6
27782.4
27790.6
27797.9
27819
27834.8
27846.3
27857.8
27882.5
27903
27938.7
27953.6
27989.5
28002.1
28023
28049.7
28073.9
28137.8
28174.1
28191.8
28203.6
28231.3
28240.9
28254.8
28328.3
28335.9
28346.3
28354.1
28372.4
28382.6
28403.1
28427.1
28458.8
28489.2
28545
28606.4
28656.4
28689.4
28744.1
28832.2
28892.3
28970.1
29033.1
29071.2
29098.8
29112.2
29129.6
29145.5
29171.7
29212.6
29236.6
29303
29315.8
29327.9
29349.6
29360.8
29368.1
29376.9
29398
29410.7
29421.8
29439.6
29463.5
29480.7
29508.5
29568.9
29594.6
29651.7
29751
29844.8
29982.1
30012.7
30036.8
30090.3
30113.3
30155.5
30178.9
30202.8
30211.2
30224
30239.8
30263.7
30280.1
30287
30295.5
30326.1
30375.7
30397.2
30403.6
30410
30418.7
30429.9
30444.1
30454.7
30465.7
30474.1
30481.5
30491.1
30498.9
30519.6
30542.9
30554.6
30563.9
30570.8
30578
30587.4
30595.7
30605.2
30614
30625.7
30640.8
30653.7
30667.4
30675
30687.2
30696.8
30708.4
30717.9
30723.3
30730.4
30740.7
30748.1
30758.2
30775.8
30785.4
30798.4
30830.3
30847.4
30868.4
30896.3
30910.4
30935.7
30979.8
31038
31068.2
31107.3
31125.3
31135
31149.9
31184.2
31200.4
31208.1
31214.5
31227.4
31240
31251.2
31261.8
31271.1
31284.5
31291.3
31302.1
31309.4
31317.6
31323.6
31330.3
31344.4
31351
31364.5
31372.7
31384.6
31399.3
31419.9
31438.6
31451.9
31464.6
31483.1
31516.3
31549
31598
31607.7
31617.8
31630
31643.4
31657.6
31672.9
31695.9
31707.2
31719.5
31750.1
31766.1
31781.2
31819.8
31828.4
31836
31844.5
31854.7
31866.3
31876.1
31886.7
31899.6
31911.1
31927.5
31954.6
31974.4
31985.1
32004.3
32013
32023.2
32039.4
32055.5
32061.8
32069.3
32077.6
32086.3
32098
32105.9
32121.8
32134.5
32157.3
32173.5
32180.9
32189.7
32202.6
32214.2
32229.3
32248
32256.3
32264.9
32278.4
32289.2
32302
32316.3
32332.7
32355
32382.4
32395
32406.2
32424.8
32440.6
32457
32471.9
32480.1
32491.2
32500.4
32511.7
32520.1
32532.8
32548.2
32560.8
32569.4
32584.6
32593.3
32602.7
32613.9
32624.4
32631.2
32636.7
32647.4
32657.6
32667.5
32676.8
32689.8
32706.3
32716
32727
32753
32801.7
32873
32884.7
32895
32903.4
32912.9
32928.4
32939.2
32949.3
32969.1
33001.3
33044.3
33060.9
33071.7
33078.2
33084
33097.2
33104
33112.4
33119.2
33129.4
33141
33150
33156.2
33162.4
33168.7
33177.1
33187.5
33203.8
33234.1
33285.9
33319.5
33365.5
33437.4
33516.6
33525
33535.4
33552.5
33572.6
33599.5
33620
33656.6
33777.3
33797
33813.2
33829.1
33837.2
33847.7
33854
33859.2
33867.9
33883.3
33924.8
33942.6
33964.7
33972.2
34000.1
34008.2
34025.2
34031.8
34041.3
34058.7
34071.7
34134.4
34152
34182
34222.3
34236.3
34260.4
34290.3
34322.5
34343.4
34348.9
34370.5
34383.6
34393.7
34403.9
34416.8
34430.7
34460.6
34485.7
34510.1
34535.4
34540.1
34547.2
34555.8
34567.9
34576.1
34590.2
34604.2
34617.5
34623.6
34633
34638.5
34646.6
34659.3
34675.7
34682.5
34691.7
34704.7
34721
34733.6
34779.8
34789.3
34799.5
34807.2
34816.8
34823.3
34831.6
34839.1
34849.9
34862.4
34876.5
34896.9
34914.8
34936.1
34945.6
34960
34973.1
34982.5
34992.3
35002.2
35012
35026.5
35041.1
35054.2
35067.3
35079
35096.4
35107.1
35115.7
35122.6
35135
35148.7
35172.1
35202.9
35215.4
35224.1
35239.6
35254
35266.1
35294.2
35321.4
35350.2
35378.3
35440.7
35472.6
35479.8
35488.9
35504.3
35522.4
35544.4
35557.2
35594.9
35599.7
35608
35617.5
35627.2
35636.9
35651.9
35671.9
35709.6
35716.5
35724.9
35736.9
35753.5
35765.5
35779.1
35801.1
35808.6
35817.1
35827.1
35839.2
35844.2
35851
35857.9
35865.5
35886.5
35936.5
35968
35995.1
36035.6
36051.9
36061
36074.8
36087.3
36092.1
36103
36107.9
36121.9
36131.5
36145.2
36148.5
36154.5
36162.1
36172.9
36183.5
36199.7
36227.6
36244.5
36251.1
36263.6
36272
36284.6
36299.7
36338.8
36343.4
36347.9
36357.2
36365.2
36385.6
36431.2
36462.6
36473.4
36478
36483.4
36498.8
36504.2
36508.6
36520.5
36539.1
36553.1
36570.8
36573.6
36581.5
36590.5
36595.1
36603.4
36651.4
36660.1
36670.6
36684.5
36689.5
36692.5
36696.9
36709.9
36730.9
36736.3
36742.4
36771.2
36783.2
36786.7
36790.1
36796.4
36805.2
36822.9
36832.7
36852.4
36864
36870
36874.9
36877.6
36883.4
36891.1
36902.9
36913.5
36929.6
36957.3
36982.9
36990.6
37007.1
37012.6
37023.1
37067.8
37075.7
37084.4
37086.8
37094.9
37106
37208
37211.4
37212
37216.6
37225.8
37278.4
37576.8
38016
38020.6
38028.6
38036
38041.8
38060.8
38092.6
38100
38103.4
38104
38107.4
38108
38111.4
38269.2
39168.2
39195.4
39195.4
39196.6
39204.6
39211.4
39213.2
39225.8
39239.4
39240
39245.2
39256
39259.4
39259.4
39260.6
39271
39291.4
39292.6
39302.4
39324.8
39365
39420
39424.6
39432
39435.4
39435.4
39436
39440.6
39450.4
39467.4
39467.4
39469.2
39480
39484
39488.6
39497.8
39516.2
39544
39557
39612
39615.4
39617.2
39628
39632.6
39640
39644
39648.6
39657.8
39672
39675.4
39676
39680.6
39690.4
39712.8
39744
39748.6
39755.4
39756
39761.2
39771.4
39772
39775.4
39776
39780.6
39790.4
39807.4
39808
39817.4
39851.4
39855
39876
39880.6
39888
39892
39896.6
39904
39907.4
39908
39912.6
39921.8
39940.2
39978.2
40058.6
40167.4
40167.4
40168
40172.6
40180
40187.6
40212
40216.6
40224
40227.4
40228
40232.6
40240
40243.4
40244
40248.6
40257.8
40276.8
40307.4
40308
40312
40316
