0.969697
2.32727
4.87273
7.34545
11.4182
15.8061
20.7758
23.8061
28.2909
33.4545
40.9455
47.7091
53.9394
61.5273
68.1697
75.2727
80.3394
85.3091
91.6606
100.921
109.794
119.03
132.048
144.388
156.242
166.812
177.988
184.533
196.267
205.091
211.709
217.406
226.448
232.752
237.648
244
251.83
263.321
276.024
283.952
295.952
313.042
322.279
330.691
344.218
355.539
364.727
372.412
381.285
394.57
408.485
422.691
438.206
458.158
479.661
490.57
498.521
511.636
526.352
535.879
545.891
555.782
564.461
572.873
585.188
593.576
604.63
613.988
623.685
630.109
638.012
649.964
662.448
675.442
688.727
700
714.521
719.612
731.442
741.503
750.788
768.63
788.727
804.703
815.588
831.224
845.503
858.182
876.582
898.545
920.073
942.448
958.642
979.855
991.758
1005.21
1013.12
1023.42
1034.01
1041.48
1048.41
1060.65
1081.87
1095.66
1109.89
1126.5
1147.25
1164.17
1180.8
1202.47
1231.83
1255.81
1268.87
1280.29
1290.04
1294.81
1305.5
1314.79
1325.45
1334.84
1346.3
1364.44
1377.77
1391.08
1401.28
1416.92
1428.8
1445.7
1458.69
1470.33
1481.07
1497.21
1516.15
1523.32
1532.46
1540.05
1547.81
1556.32
1567.81
1586.13
1599.9
1620.87
1632.85
1647.1
1665.04
1686.21
1703.59
1732.29
1764.51
1784.58
1842.23
1856.19
1872.41
1885.21
1925.43
1940.19
1955.08
1969.09
1982.91
1999.13
2007.66
2014.76
2021.72
2038.62
2074.38
2122.47
2133.67
2144.51
2175.42
2192.27
2205.94
2231.37
2258.96
2284.58
2309.24
2324.19
2348.78
2370.21
2385.99
2409.79
2423.81
2435.3
2451.78
2465.75
2478.88
2498.52
2523.22
2544.9
2566.28
2585.31
2605.92
2621.92
2636.07
2649.5
2660.85
2667.71
2681.24
2692.34
2702.11
2711.81
2726.35
2735.44
2751.13
2769.07
2780
2793.19
2807.78
2820.73
2839.47
2850.01
2858.84
2870.06
2878.96
2888.39
2900.87
2919.61
2935.47
2940.92
2955.61
2976.44
2988.92
3009.04
3029.77
3044.15
3059.13
3067.08
3082.64
3088.32
3100.39
3113.19
3126.13
3145.09
3156.73
3172.34
3187.71
3219.15
3238.88
3258.42
3271.66
3281.92
3291.32
3301.26
3317.26
3337.55
3348.36
3362.25
3377.79
3401.26
3418.52
3431.78
3444.22
3459.37
3480.78
3489.99
3500.95
3522.13
3542.74
3552.8
3561.31
3575.98
3582.72
3591.44
3606.57
3622.08
3634.13
3644.44
3663.32
3674.91
3685.02
3712.22
3732.56
3776.68
3799.18
3820.87
3856.39
3864.58
3880.15
3906.64
3937.6
3964.7
4009.96
4035.03
4074.64
4098.06
4109.09
4118.4
4138.91
4150.81
4172.99
4182.96
4198.11
4213.28
4229.14
4244.73
4263.54
4285.72
4310.88
4331.27
4344.8
4376.9
4438.23
4485.26
4504.24
4534.04
4570.93
4629.31
4662.81
4673.16
4681.7
4692.61
4705.94
4711.9
4722.42
4737.92
4750.06
4764.58
4779.95
4786.69
4793.45
4802.81
4810.67
4825.75
4845.36
4860.05
4873.55
4889.94
4909.43
4917.09
4927.27
4944.65
4963.13
4993.92
5042.23
5081.12
5092.12
5113.6
5209.7
5311.83
5373.96
5395.18
5425.87
5455.15
5471.68
5484.48
5511.22
5563.59
5576.63
5608.87
5619.32
5629.24
5636.65
5646.84
5657.79
5671.05
5686.57
5697.19
5708.56
5721.62
5730.28
5743.32
5752.51
5768.29
5788.82
5800.51
5808.95
5823.66
5843.49
5854.45
5869.62
5835.14
5851.68
5867.29
5884.22
5894.72
5908.74
5943.02
5972.88
5991.24
6013.18
6020.2
6038.53
6056.29
6067.17
6077.91
6100.96
6108.42
6120.76
6139.61
6166.33
6203.26
6218.21
6234.99
6251.68
6266.72
6276.05
6286.99
6299.95
6311.73
6296.32
6306.47
6319.36
6338.22
6348.37
6360.74
6373.83
6384.81
6395.36
6407.75
6424.54
6440.77
6457.33
6480.86
6512.57
6526.96
6540.35
6554.96
6573.43
6587.21
6592.44
6603.23
6620.47
6636.32
6656.81
6678.72
6692.69
6706.54
6743.75
6764.94
6775.63
6794
6816.69
6823.14
6832
6840.89
6849.95
6864.59
6890.67
6940.54
6953.26
6966.59
7001.83
7010.89
7019.68
7029.98
7040.1
7051.21
7058.99
7067.23
7075.98
7087.16
7093.58
7044.6
7057.05
7073.05
7100.32
7129.62
7163.82
7182.57
7200.07
7227.48
7249.45
7267.73
7276.93
7289.73
7323
7365.77
7379.95
7392.93
7407.9
7428.93
7443.07
7450.93
7465
7489.93
7500.85
7516.9
7533.25
7548.15
7570.43
7582.93
7600.32
7620.82
7637.8
7673.7
7614.81
7626.76
7644.94
7661.7
7669.27
7683.8
7692.56
7706.2
7716.84
7724.43
7732.08
7746.13
7755.54
7769.7
7747.21
7763.87
7738.18
7752.31
7767.72
7790.15
7800.15
7821.15
7844.15
7852.85
7859.67
7789.3
7798.81
7807.77
7815.92
7830.57
7846.81
7858.31
7871.06
7886
7912.96
7934.65
7947.48
7974.42
7999.56
8011.51
8058.39
8073.32
8088.88
8095.22
8065.1
8087.71
8094.59
8059.5
8068.34
8075.21
8082.21
7921.57
7939.08
7902.2
7908.71
7919.97
7931.05
7896.66
7908.9
7922.74
7947.78
7981.45
7992.44
8004.3
8035.15
8047.84
8066.88
8090.08
8108.85
8124.96
8157.04
8204.71
8250.82
8300
8306.52
8319.1
8335.18
8356.68
8371.18
8384.11
8409.84
8427.23
8460.14
8507.53
8583.67
8596.38
8600.99
8607.26
8615.73
8622.77
8628.03
8635.21
8640.77
8650.55
8668.52
8687.42
8696.55
8709.26
8675.37
8680.69
8688.33
8699.61
8711.59
8727.37
8750.26
8767.72
8801.02
8828.28
8833.35
8842.62
8848.17
8857.96
8868.97
8878.7
8885.43
8893.71
8907.37
8928.94
8958.4
8981.79
8988.94
8996.14
9003.03
8954.11
8963.64
8972.53
8985.47
8999.31
9016.56
9043.89
9051.28
9061
9073.67
9083.64
9107.61
9118.14
9140.5
9159.92
9171.5
9196.17
9240.22
9324.61
9383.06
9403.97
9416.36
9428.17
9434.58
9445.78
9454.58
9459.19
9464.86
9474.06
9485.31
9494.83
9499.17
9506.64
9516.47
9524.69
9530.67
9543.89
9556
9576.14
9613.28
9621.39
9613.2
9625.82
9640.67
9649.2
9658.88
9670.74
9698.38
9746.15
9780.28
9915.75
9928.25
9939.27
9952.48
9985.44
10030.4
10080.2
10203.7
10337.1
10518.6
10528.6
10536.1
10556.1
10564.9
10608.6
10687.1
10809.9
10833.3
10859.1
10894.7
10924.3
11005.1
11120.7
11136
11141.2
11149.2
11169.4
11188.4
11210.4
11237.9
11255.7
11277.9
11312.4
11389.2
11498.7
11505.9
11510.7
11517.2
11527.8
11542.5
11548.1
11551.8
11558.5
11568.2
11574.5
11578.7
11583.6
11589.6
11601.4
11632.6
11673.2
11682
11690.9
11703.3
11718.9
11731.3
11735.9
11752.4
11769.8
11774.8
11789.5
11770
11797.5
11815.2
11837.3
11844.1
11857.2
11872.9
11899
11915.6
11926.4
11932.1
11945.3
11967.6
11973.4
11979.2
11982.8
11991.7
12003.7
12010.8
12014.8
12029
11972.4
11982.3
11989.9
11998.4
12016.7
12043.9
12053.6
12066.2
12073
12080.3
12085.8
12096.3
12109
12132.8
12164.3
12186.2
12216.3
12222.1
12233.6
12241.8
12256.7
12270.7
12276.3
12281.3
12290.9
12304.3
12314.5
12328.5
12340.5
12347.1
12383.7
12395.9
12400.3
12408
12416.7
12427.2
12441.3
12453
12470
12498.6
12526.2
12580.3
12649.6
12666.4
12692.7
12740.3
12792.7
12830.8
12885.3
12917
12932
12938.3
12944.5
12980.1
12983.6
12899.6
12971.4
12977.9
12986.7
12997.9
13006.6
13015.6
13023.6
13033.7
13041.5
13062.5
13085.6
13104.1
13114.1
13122.9
13127.7
13138.4
13157.4
13165.4
13172.1
13181.7
13194.9
13205.2
13218.6
13232.5
13252.7
13274.6
13310
13365
13372.7
13380.2
13383.8
13388.2
13393
13398.4
13403.6
13408.6
13412.6
13416.7
13424.9
13438.4
13446.8
13452.5
13459.6
13470.3
13485.3
13500.2
13531.3
13579.5
13635.7
13650
13662.5
13668.2
13677.1
13682.2
13688.4
13698.2
13714.4
13723.7
13738.4
13743.7
13756.4
13768.1
13774.4
13780.2
13789.6
13813.1
13823.3
13839.1
13878.4
13883
13889.7
13898.3
13908
13917
13934.9
13952.1
13991.3
14001.4
14007.4
14012.7
14018.6
14039.9
14056.6
14072.9
14080.5
14086.8
14100.3
14105.4
14114.7
14121.3
14130
14142
14152.6
14162.2
14173
14183.4
14192.4
14203.3
14227.4
14231.7
14235.6
14241.3
14249.5
14262.6
14266.4
14270.7
14274.3
14281.4
14307.7
14358.2
14427.7
14472.1
14599
14607.2
14615.5
14623.1
14633.2
14656.4
14684.5
14736.9
14804.6
14813.6
14859.7
14864
14869.4
14889
14985.3
15009.5
15012.3
15018.7
15028.2
15040.3
15051.1
15062
15064
15068.9
15079.9
15091.6
15104.6
15112.7
15114.3
15120.1
15127.2
15132.5
15138.8
15146
15156.9
15163
15172.6
15181
15202.8
15224.6
15248.1
15361.6
15372.2
15392.3
15433.2
15455
15464.7
15466.8
15475.7
15483.9
15491
15493.1
15496.1
15501.4
15511.1
15528.8
15561.3
15593
15644.5
15666.5
15703
15711.6
15713.8
15719.5
15727.1
15730.3
15733.6
15739
15745.9
15760.5
15783.8
15796.1
15842.7
15907.2
15922
15941.2
15949.2
15957.8
15959.2
15963.2
15973.9
15983.4
15993.2
16006.9
16016.9
16018.5
16024.5
16033.2
16036.3
16045.5
16061.6
16073.3
16083.4
16096.8
16124.8
16149.6
16172.5
16178.4
16201.9
16236.5
16241.3
16249.9
16258.6
16263.9
16276.1
16280.9
16283.1
16289.2
16294.1
16300.3
16304
16310.8
16317.4
16326
16345.6
16354.4
16358.8
16362.7
16365.8
16370.7
16377.3
16392
16398.6
16415.1
16439.7
16451.2
16462.4
16466
16469.6
16476.5
16491.9
16511.2
16514.2
16524.6
16571.9
16663.4
16834.9
17081
17084.7
17089.7
17097.2
17112.2
17222.6
17242.8
17250.2
17255.7
17259.5
17263.7
17272.1
17290.9
17317.7
17325
17330.5
17335.4
17368.3
17373.5
17382.7
17388.4
17394.4
17404.9
17419.9
17482.7
17487.9
17503.1
17517.6
17533.1
17538.1
17540.1
17559.1
17590.7
17623.4
17636.1
17669
17675.6
17685
17699.2
17702.6
17709.4
17710.6
17719.9
17742.1
17743.5
17748
17762.2
17806.4
17811.6
17823
17832.1
17842.2
17847.2
17862
17887.7
17890.8
17895.4
17907
17922.1
17932.2
17942.8
17950.1
17976.3
17980.1
17987.3
17996.2
17997
18002.8
18022.4
18058
18104.5
18106.1
18111.2
18119.4
18131.4
18135
18140.1
18150.4
18172.7
18210.1
18274.2
18377.2
18386.2
18391.8
18393.3
18397.4
18400.8
18402.2
18407
18417.3
18431.3
18435
18438.8
18440.8
18444.7
18457.4
18472.4
18477.2
18484.1
18487.2
18488.6
18491.7
18497.3
18506.5
18509.6
18511.5
18519.2
18525
18531.7
18556.6
18588.8
18600.4
18613.1
18699.2
18715.8
18761.4
18770.9
18782.3
18790.9
18806.6
18818.4
18821.3
18824.5
18833.5
18839.2
18841.2
18846.3
18850.8
18855.2
18861.4
18864.5
18865.2
18870.1
18890
18900.7
18902.2
18910.8
18934.8
18937.9
18942.9
18950.3
18952.9
18956.9
18961.1
18969.8
18982.9
18987.4
18993.9
19002.2
19008.1
19017.9
19021.4
19024.4
19045.1
19075.9
19078.9
19080.1
19083.8
19085.6
19093.2
19108
19108.5
19110
19103.8
18684
18692
