0.844156
0.75
0.858586
0.707317
0.673077
0.798319
0.903846
0.793388
0.694915
0.771429
0.844961
1.05747
0.818182
0.804878
0.763158
0.652406
0.780303
0.598592
0.751825
0.806122
0.793103
0.639098
0.725191
0.779412
0.89726
0.846774
0.807407
0.864198
0.675159
0.714286
0.940299
0.945055
0.638889
0.832168
0.766082
0.720779
0.62963
0.861878
0.762821
0.839695
0.744565
0.832215
0.831081
0.684932
0.919192
0.753521
0.857143
0.692308
0.666667
0.612613
0.881279
0.928571
0.768519
0.734848
0.846154
0.7
0.933333
0.538462
0.664773
0.693878
0.834783
0.943662
0.735714
0.705882
0.794326
0.73
0.884354
0.828571
0.807692
0.946809
0.516129
0.724832
0.771242
0.894737
0.681159
0.539326
0.846774
0.921875
0.918033
0.830508
0.858268
0.958333
0.768
0.907767
0.852564
0.807692
0.849206
0.720588
0.642857
0.863248
0.779661
0.677852
0.77665
0.807407
0.645161
0.837349
0.804124
0.72449
0.717172
0.674107
0.822086
0.846154
0.876404
0.954023
0.990826
0.731034
0.676471
0.788889
0.831683
0.766917
0.877095
0.78022
0.794872
0.642157
0.761905
0.769231
0.883212
0.630872
0.92
0.847619
0.857143
0.93913
0.786325
1
0.630841
0.869048
0.789916
0.693333
0.97351
0.778761
0.81295
0.764706
0.980392
0.781609
0.78836
0.619355
0.899083
0.688406
0.731884
0.712644
0.70068
0.791667
0.832117
0.690789
0.873494
0.78125
0.770642
0.802817
0.858491
0.745342
0.657143
0.878788
0.92233
0.983871
0.666667
0.586207
1.04167
0.820513
0.759777
0.6875
0.8
0.680203
0.857143
0.711656
0.759124
0.541667
0.8625
0.796117
0.505263
0.843537
0.741379
0.769231
0.719424
0.619469
0.881481
0.737288
0.821053
0.686275
0.891089
0.916667
0.794872
0.887387
0.768421
0.728261
0.83908
0.657143
0.772277
0.72973
0.83871
0.8
0.80303
0.71875
0.705882
0.566879
0.713333
0.778281
0.877778
0.769231
0.929204
0.989796
0.606061
0.735537
0.932927
0.889655
0.854962
0.552941
0.842105
0.689266
0.703125
0.615854
0.614583
0.788945
0.734848
0.659341
0.837838
0.738318
0.903448
0.834783
0.758621
0.839695
0.773585
0.839161
0.768519
0.70922
0.867188
0.938462
0.71134
0.708333
0.703125
0.854701
0.863636
0.888889
0.808824
0.784946
0.673913
0.92381
0.774436
0.771429
0.847826
0.756579
0.743243
0.929412
0.735537
0.809249
0.616279
0.791045
0.858407
0.85
0.785124
0.960396
0.649635
0.698864
0.649123
0.717172
0.695652
0.971831
0.743902
0.651376
0.873418
0.839286
0.851562
0.846535
0.753521
0.676471
0.76699
0.88
0.874016
0.697917
0.84
1.02564
0.824561
0.844086
0.883212
0.711111
0.798851
0.771429
0.831776
0.962264
1.02273
0.921739
0.70073
0.846715
0.701657
0.65625
0.87574
0.705128
0.935714
0.771429
0.848276
0.96748
0.734177
0.755556
0.870968
0.738636
0.784
0.731034
0.584416
0.727273
0.677966
0.709677
0.643678
0.763158
0.726368
0.730769
0.730769
0.815951
0.854839
0.737374
0.806061
0.797101
0.852713
0.757062
0.711538
0.75
0.740741
0.865979
0.621118
0.775
0.81203
0.929825
0.815951
0.731481
1.0068
0.742647
0.695652
0.921053
0.946429
0.785714
0.782258
0.747826
1.03604
0.857143
0.920354
0.797872
0.782051
0.807692
0.848684
0.627329
0.706294
0.675439
0.646552
0.873684
0.785714
0.797203
0.815789
0.674074
0.744361
0.765957
0.606061
0.683453
0.785124
0.8
0.793722
0.611111
0.57931
0.814815
0.816176
0.542254
0.822785
0.773585
0.763889
0.776786
0.717557
0.761194
0.868132
0.954023
0.850575
0.81
0.771812
0.627551
0.864865
0.741497
0.853261
0.695652
0.816176
0.591304
0.567742
0.710345
0.621495
0.842105
0.828947
0.823944
0.86747
0.769231
0.709459
0.722892
0.777778
0.929412
0.649682
0.767045
0.811475
0.723077
0.736607
0.874372
0.72
0.673759
0.787879
0.924051
0.745665
0.682759
0.693431
0.877778
0.865079
0.781609
0.719626
0.822581
0.639456
0.851852
0.73913
0.795031
0.788321
0.722628
0.972603
0.952381
0.551282
0.758621
0.747573
0.762712
0.784483
0.762712
0.818182
0.803571
0.869565
0.805556
0.792208
0.617886
0.686747
0.831081
0.707692
0.805825
0.669231
0.863946
0.610329
0.454545
0.772059
0.733333
0.850746
0.748148
1.06849
0.77931
0.874126
0.849558
0.719101
0.790698
0.62069
0.71
0.644231
0.758242
0.919708
0.780952
0.802817
0.932773
0.677083
0.84472
0.953704
0.798507
0.635135
0.776786
0.734568
0.956989
0.852113
0.754902
0.786765
0.986111
0.77533
0.945055
0.708738
0.588235
0.867841
0.863636
0.7
0.782609
0.831933
0.698225
0.886076
0.706806
0.762376
0.658915
0.798658
0.895522
0.80315
0.741176
0.865169
0.789855
0.784615
0.77551
0.967033
0.977778
0.88
0.888889
0.927835
0.806452
0.675497
0.886179
0.95082
0.873563
0.866667
0.677966
0.801282
0.858209
1.03571
0.802326
0.887324
0.484277
0.741259
0.875862
0.913793
0.733945
0.87069
0.725352
0.758427
0.632353
0.841727
0.811594
0.741497
0.821705
0.739726
0.723926
0.915094
0.771429
0.816176
0.817073
0.680328
0.640523
0.970588
0.777027
0.849673
0.697248
0.534483
0.837079
0.770833
0.833333
0.789474
0.751773
0.77707
0.893617
0.796791
0.848485
0.788462
0.977528
0.588235
0.823529
0.701987
0.760331
0.841667
0.852941
0.879699
0.686275
0.658915
0.8125
0.745614
0.872093
0.776786
0.762791
0.831933
0.861314
0.767123
0.910112
0.830688
0.983333
0.73
0.771739
0.785047
0.872549
0.918699
0.608974
0.700855
0.849315
0.902778
0.602649
0.740113
0.71831
0.606557
0.941489
0.967742
0.825688
0.693069
1.1134
0.474138
0.819149
0.904762
0.976562
0.762238
0.952381
0.710526
0.825175
0.870968
0.808511
0.784483
0.672566
1
1.0241
0.943396
0.818841
0.664336
0.661654
0.708955
0.801802
0.752
0.64539
0.790123
0.848739
0.846847
0.794872
0.718121
0.774648
0.816568
0.792
0.773973
0.904762
0.871212
0.828125
0.860656
0.806452
0.897059
0.74
0.778302
0.777251
0.631579
0.865546
0.76699
1.01429
0.884615
0.649254
0.754098
0.808383
0.673267
0.666667
0.934641
0.880597
0.846154
0.825758
0.868852
0.917647
0.84252
0.681159
0.78481
0.738739
0.94697
0.642857
0.784615
0.688742
0.756098
0.775
0.94898
0.785714
0.696203
0.759036
0.831933
0.820513
0.8
0.934783
1.10667
0.942857
0.832061
1.04348
0.722222
0.721154
0.718447
0.701613
0.65873
0.699301
0.672414
0.797297
0.787234
0.653846
0.765152
0.655462
0.723214
1.05195
0.674074
0.763889
0.947917
0.894118
0.521505
0.826667
0.94958
0.84058
0.839695
0.87218
0.782609
0.933333
0.659259
0.948718
0.835938
0.65
0.663866
0.652542
0.696296
0.909091
0.803571
1.00714
0.761194
0.86747
0.677165
0.587302
0.601449
0.728571
0.908257
0.666667
0.912281
0.878788
0.633466
0.881188
0.79798
0.693548
0.791667
0.762238
0.730159
1
1
0.56383
0.848101
0.734513
0.714286
0.767857
0.833333
0.671875
0.822034
0.823529
0.61194
0.621053
1.08333
0.903704
0.676259
0.9
0.796117
0.697183
0.944828
0.855422
0.774194
0.757143
0.70936
0.884615
0.736
0.763158
0.732919
0.835443
0.888889
0.899225
0.881119
0.794118
0.742424
0.859504
0.834862
0.907692
0.744526
0.66879
0.835821
0.882353
0.79562
0.836364
0.583333
0.8
0.899329
0.787234
0.780303
0.802721
0.933333
0.868613
1.03883
0.930693
0.837209
0.75419
0.848214
0.909483
0.769841
0.59542
0.837607
0.846154
0.726804
0.870968
0.869565
0.825726
1.0101
0.634518
0.666667
0.685083
0.669065
0.76699
0.713178
0.813953
0.69375
0.831776
0.707483
0.835052
0.680328
0.811518
0.77381
0.773196
0.759358
0.708955
0.706767
0.9
0.780488
0.972222
0.805825
0.879121
0.680272
0.811765
0.827957
0.934211
0.579618
0.66242
1.03371
0.697674
0.84507
0.72
0.808989
0.933333
0.8
0.634146
0.928144
0.739437
0.9
0.835714
0.717647
0.678261
0.686047
0.733333
0.683453
0.859649
0.929825
0.761905
0.796178
0.77551
0.891304
0.746269
0.719745
0.72327
0.827957
0.882353
0.801724
0.948718
0.935897
0.836957
0.714286
0.75
0.698113
0.784615
0.836066
0.863636
0.879195
0.745614
0.838235
0.703704
0.906977
0.821429
0.674074
0.761364
0.775362
0.825503
0.84507
0.8
1
0.751773
0.559441
0.746835
0.971631
0.926829
0.779661
0.764045
0.810606
0.852459
0.835821
0.792683
0.731092
0.926829
0.829932
0.986301
0.798319
0.663043
0.65896
1.08929
1.02857
0.816514
0.972222
0.870968
0.77551
0.891892
0.818966
0.934959
1.06593
0.838462
0.67
0.806897
0.848101
0.836538
0.882353
0.727273
0.905882
0.673913
0.808219
0.831683
0.731884
0.841121
1.00862
0.792208
0.75
0.967033
0.863248
0.684211
0.899083
0.829493
0.660819
0.748691
0.964789
0.728
0.789916
0.842857
0.818182
1.03409
0.785714
0.732673
0.679688
0.836735
0.971963
0.805825
0.877778
0.739645
0.714286
0.722892
0.762963
0.742739
0.626667
0.849057
0.790323
0.954023
0.84127
0.808
0.89418
0.808036
0.845
0.815287
0.74
0.84507
0.882812
0.74359
0.809211
0.979487
0.737089
0.990291
0.669231
0.828125
0.867521
1.01205
0.614286
0.808036
0.791667
0.715054
0.813665
0.790419
0.722689
0.88806
0.736486
0.707692
0.816901
0.681818
0.777174
0.76
0.791908
0.918605
0.703704
0.756522
0.565574
0.602564
0.693548
0.686567
1.01205
1.01429
0.701245
0.981818
0.885714
0.823529
1
0.842105
0.970588
0.860759
0.719298
0.857143
0.803279
0.66055
0.803922
0.841584
0.559748
0.756757
0.901408
0.783784
0.611111
0.837321
0.85654
0.8
0.916667
0.765152
0.852459
0.865979
0.814433
0.931298
0.646617
0.789474
