0.0454545
0.0795455
0.0757576
0.260163
0.230769
0.0252101
0.125
0.0413223
0.0254237
0.0742857
0.0542636
0.114943
0.136364
0.0792683
0.0789474
0.0374332
0.0606061
0.0352113
0.0145985
0.0765306
0.0344828
0.0300752
0.0916031
0.0661765
0.0410959
0.0887097
0.155556
0.148148
0.0764331
0.00840336
0.0373134
0.0769231
0.00694444
0.00699301
0.0292398
0.038961
0.0493827
0.0165746
0.0448718
0.152672
0.0326087
0.0134228
0
0.0410959
0.0606061
0.0352113
0.0793651
0.0769231
0.0444444
0.027027
0.0273973
0.0446429
0.0740741
0.212121
0.0961538
0.035
0.0666667
0.021978
0.0681818
0.0408163
0.026087
0.169014
0.0571429
0.0588235
0.0212766
0.27
0.0680272
0.104762
0.0769231
0.0531915
0.016129
0.0201342
0.0457516
0.2
0.0434783
0
0.185484
0.078125
0.0737705
0.152542
0.0708661
0.152778
0.136
0.0436893
0.0320513
0.0480769
0.111111
0.102941
0.112245
0.0512821
0.237288
0.0402685
0.0558376
0.0296296
0.104839
0.060241
0.0412371
0.0204082
0.040404
0.147321
0.0858896
0.0769231
0.0674157
0.091954
0.100917
0.0896552
0.0441176
0.0333333
0.019802
0.0526316
0.173184
0.010989
0.0705128
0.0441176
0.161905
0.0923077
0.0510949
0.0536913
0.266667
0.12381
0.0993789
0.2
0.0299145
0.049505
0.0794393
0.0714286
0.0336134
0.0333333
0.18543
0.0530973
0.0359712
0.154412
0.0686275
0.0977011
0.026455
0.122581
0.0917431
0.0217391
0.0289855
0.091954
0.129252
0.0625
0.160584
0.0394737
0.0120482
0.078125
0.192661
0.0211268
0.141509
0.0559006
0.0666667
0.0151515
0.0485437
0.16129
0.0833333
0.155172
0.0833333
0.115385
0.0167598
0.196429
0.0814815
0.00507614
0.126984
0.0245399
0.0437956
0.138889
0.0125
0.0776699
0.189474
0.0544218
0.137931
0.269231
0.0359712
0.0530973
0.0666667
0.059322
0.0631579
0.0490196
0.118812
0.125
0.017094
0.0495495
0.0210526
0.0434783
0.0689655
0.152381
0.0693069
0.018018
0.0537634
0.0545455
0.0606061
0.0729167
0.0470588
0.0191083
0.0533333
0.0226244
0.0333333
0.00769231
0.00884956
0.0714286
0.0121212
0.0909091
0.0731707
0.103448
0.0229008
0.0235294
0.22807
0.0677966
0.0208333
0.0914634
0.104167
0.040201
0.128788
0.0549451
0.27027
0.102804
0.062069
0.0869565
0.0775862
0.0458015
0.0188679
0.132867
0.0277778
0.106383
0.125
0.138462
0.0515464
0.0520833
0
0.119658
0.0818182
0.0808081
0.294118
0.0215054
0.0144928
0.0666667
0.0300752
0.0457143
0.115942
0.0723684
0.0608108
0.0470588
0.0661157
0.0751445
0.0697674
0.0522388
0.0707965
0.04
0.0330579
0.0891089
0.0583942
0.102273
0.105263
0.0505051
0.0521739
0.169014
0.097561
0.00917431
0.0632911
0.107143
0.03125
0.029703
0.056338
0.0294118
0.0291262
0.2
0.0944882
0.0416667
0.008
0.0641026
0.0994152
0.11828
0.0656934
0.0666667
0.0172414
0.0428571
0.102804
0.0943396
0.284091
0.0434783
0.0291971
0.0583942
0.0883978
0.078125
0.0295858
0.025641
0.0285714
0.0428571
0.0137931
0.0813008
0.0506329
0.122222
0.193548
0.0568182
0.056
0.0275862
0.350649
0.0363636
0.135593
0.0430108
0.0229885
0.105263
0.0696517
0.153846
0.144231
0.0429448
0.0483871
0.151515
0.115152
0.0434783
0.108527
0.101695
0.0480769
0.0192308
0.0740741
0.0824742
0
0.0666667
0.135338
0.149123
0.0429448
0.037037
0.0136054
0.0220588
0.130435
0.0964912
0.0446429
0.0178571
0.0322581
0.0521739
0.0540541
0.047619
0.0442478
0.0106383
0.0384615
0.144231
0.0460526
0.118012
0
0.0789474
0.0862069
0.0631579
0
0.041958
0.184211
0.0444444
0.037594
0.141844
0.0505051
0.100719
0.0743802
0.0608696
0.0538117
0.0222222
0.0413793
0.118519
0.0808824
0.0985915
0.177215
0.0613208
0.0694444
0.0803571
0.160305
0.104478
0.0989011
0.126437
0.0229885
0.16
0.0469799
0.0867347
0.0743243
0.0272109
0.076087
0.0724638
0.110294
0.217391
0.109677
0.0689655
0.0700935
0.0657895
0.0592105
0.15493
0.0963855
0.2
0.0608108
0.0843373
0.08
0
0.089172
0.0681818
0.0819672
0.0692308
0.107143
0.0552764
0.064
0.0212766
0.0833333
0.056962
0.179191
0.165517
0.0875912
0.05
0.0396825
0.0804598
0.11215
0.016129
0.0408163
0.0814815
0.0108696
0.124224
0.0510949
0.145985
0.0958904
0.107143
0.0897436
0.112069
0.126214
0.0451977
0.232759
0.0677966
0.0530303
0.0178571
0.0993789
0.138889
0.0519481
0.113821
0.0542169
0.148649
0.0230769
0.0291262
0.123077
0.0340136
0.0610329
0.147727
0.0588235
0.0888889
0.0671642
0.0222222
0.0958904
0.0344828
0.034965
0.0530973
0.0224719
0.00775194
0
0.06
0.105769
0.0824176
0.080292
0.0857143
0.0211268
0.0672269
0.0833333
0.0186335
0.0185185
0.0671642
0.027027
0.0892857
0.0555556
0.0322581
0.0915493
0.0735294
0.0220588
0.0763889
0.145374
0.032967
0.0485437
0.10084
0.0660793
0.127273
0.09375
0.0695652
0.0588235
0.0295858
0.0253165
0.115183
0.188119
0.0930233
0.0402685
0.119403
0.0787402
0.0235294
0.134831
0.144928
0.153846
0.0748299
0.043956
0.0444444
0.133333
0.0396825
0.0618557
0.0322581
0.205298
0.097561
0.163934
0.0574713
0.187879
0.0677966
0.0769231
0.0597015
0.0714286
0.0581395
0.0422535
0.0566038
0.195804
0.0827586
0.103448
0.0275229
0.172414
0.00704225
0.0674157
0.0882353
0.0935252
0.0869565
0.0884354
0.0465116
0.0547945
0.122699
0.198113
0.0214286
0.176471
0.0365854
0
0.137255
0
0.0472973
0.0457516
0.165138
0.112069
0.0449438
0.131944
0.0714286
0.0328947
0.0283688
0.101911
0.070922
0.0748663
0.0454545
0.0576923
0.0224719
0.0196078
0.0823529
0.0596026
0.231405
0.0333333
0.0441176
0.0300752
0.0490196
0.0387597
0.0576923
0.0263158
0.0465116
0.0535714
0.027907
0.151261
0.153285
0.0410959
0.123596
0.037037
0.1
0.07
0.0434783
0.0373832
0.0882353
0.0487805
0.0961538
0.042735
0.0684932
0.25
0.0397351
0.175141
0.0774648
0.0819672
0.0265957
0.16129
0.119266
0.039604
0.103093
0.0862069
0.0638298
0.22619
0.09375
0.0769231
0.130952
0.0964912
0.0909091
0.0967742
0.0567376
0.0689655
0.0619469
0.329412
0.156627
0.169811
0.0507246
0.132867
0.0225564
0.0522388
0.126126
0.08
0.0283688
0.160494
0.0672269
0.0990991
0.136752
0.107383
0.084507
0.0473373
0.008
0.0273973
0.0952381
0.0378788
0.078125
0.122951
0.129032
0.0735294
0.0533333
0.0141509
0.014218
0.0526316
0.0336134
0.0533981
0.214286
0.00961538
0.0447761
0.0819672
0.0838323
0.0445545
0.0447761
0.0849673
0.134328
0.120879
0.0454545
0.0655738
0.0352941
0.0708661
0.057971
0.0506329
0.0540541
0.0681818
0.0428571
0.0307692
0.0662252
0.0243902
0.075
0.142857
0.0446429
0.21519
0.0240964
0.0336134
0.115385
0.04
0.0652174
0.2
0.0857143
0.0229008
0.304348
0.138889
0.0576923
0.0582524
0.0887097
0.0396825
0.041958
0.0517241
0.202703
0.0319149
0.0538462
0.0909091
0.0588235
0.0267857
0.142857
0.0888889
0.0555556
0.15625
0.0235294
0.0430108
0.0666667
0.0420168
0.057971
0.0610687
0.037594
0.111801
0.146667
0.037037
0.0384615
0.0234375
0.121429
0.117647
0.127119
0.0148148
0.0454545
0.1875
0.128571
0.171642
0.156627
0.15748
0.0396825
0.0797101
0.0142857
0.0825688
0.0987654
0.0789474
0.0757576
0.0677291
0.108911
0.333333
0.0887097
0.118056
0.013986
0.126984
0.146341
0.123457
0.0531915
0.126582
0.0353982
0
0.0952381
0.0486111
0.171875
0.059322
0.139706
0.0671642
0.0315789
0.0238095
0.00740741
0.0143885
0.0916667
0.0485437
0.147887
0.0275862
0.0120482
0.150538
0.185714
0.0394089
0.0384615
0.112
0.0877193
0.0310559
0.0443038
0.0683761
0.0387597
0.0559441
0.0220588
0.0454545
0.0826446
0.0275229
0.0461538
0.0875912
0.0700637
0.0298507
0.0252101
0.0437956
0.0727273
0.0694444
0.0695652
0.0604027
0.0744681
0.030303
0.183673
0.133333
0.0364964
0.116505
0.0594059
0.0852713
0.117318
0.160714
0.0775862
0.0238095
0.0763359
0.145299
0.0576923
0.0463918
0.0322581
0.0326087
0.107884
0.222222
0.0558376
0.0894309
0.0441989
0.0719424
0.0631068
0.116279
0.0813953
0.15
0.0654206
0.047619
0.0515464
0.0245902
0.052356
0.047619
0.0721649
0.149733
0.11194
0.112782
0.3125
0.0243902
0.0416667
0.0194175
0.0769231
0.0272109
0.0588235
0.0483871
0.157895
0.0254777
0.0955414
0.146067
0.108527
0.0704225
0.072
0.11236
0.0888889
0.01
0.0813008
0.0179641
0.126761
0.0444444
0.114286
0.105882
0.00869565
0.0406977
0.0296296
0.0647482
0.0877193
0.0877193
0.0748299
0.0382166
0.0612245
0.202899
0.0746269
0.0382166
0.081761
0.0430108
0.117647
0.189655
0.17094
0.0897436
0.076087
0.12381
0.0914634
0.0566038
0.169231
0.00819672
0.159091
0.033557
0.0701754
0.205882
0.031746
0.0775194
0.164286
0.133333
0.0568182
0.123188
0.0469799
0.0774648
0.281818
0.109756
0.134752
0.132867
0.379747
0.0425532
0.0731707
0.101695
0.213483
0.113636
0.114754
0.0298507
0
0.0672269
0.0894309
0.0272109
0.0684932
0.0504202
0.141304
0.0606936
0.0357143
0.047619
0.0917431
0.152778
0.0967742
0.0765306
0.387387
0.0603448
0.0894309
0.0659341
0.0307692
0.08
0.158621
0.0632911
0.0480769
0.102941
0.020202
0.0823529
0.0289855
0.0821918
0.0594059
0.202899
0.121495
0.172414
0.12987
0.0326087
0.0769231
0.111111
0.0300752
0.155963
0.0552995
0.0350877
0.104712
0.140845
0.064
0.0672269
0.171429
0.0324675
0.147727
0.0555556
0.158416
0.046875
0.0204082
0.0560748
0.0776699
0.233333
0.0710059
0.0595238
0.0722892
0.103704
0.033195
0.0666667
0.0943396
0.0806452
0.0574713
0.0555556
0.096
0.0899471
0.0401786
0.12
0.0254777
0.11
0.119718
0.0546875
0.111111
0.111842
0.0615385
0.0657277
0.0582524
0.0384615
0.125
0.0854701
0.192771
0.107143
0.0223214
0.111111
0.0537634
0.0310559
0.113772
0.0672269
0.0373134
0.148649
0.0461538
0.0211268
0.0272727
0.048913
0.12
0.179191
0.145349
0.123457
0.0521739
0.0737705
0.0641026
0.129032
0.11194
0.168675
0.157143
0.00829876
0.0181818
0.0285714
0.105882
0.186047
0.0921053
0.132353
0.0759494
0.0701754
0.0535714
0.0409836
0.0917431
0.137255
0.0693069
0.0377358
0.00675676
0.0985915
0.0540541
0.0222222
0.148325
0.0421941
0.122222
0.0952381
0.0227273
0.0983607
0.0927835
0.0515464
0.0687023
0.0451128
0.0977444
