0.609007
0.683726
0.556498
0.645517
0.694233
0.622791
0.648495
0.608403
0.659461
0.637191
0.605286
0.63157
0.636356
0.582242
0.689601
0.606823
0.629209
0.580213
0.604325
0.629544
0.597021
0.6429
0.589006
0.579623
0.584608
0.632289
0.602188
0.585822
0.609649
0.580106
0.599108
0.679745
0.584223
0.615868
0.597709
0.610863
0.631212
0.58578
0.6001
0.648623
0.616096
0.608614
0.605969
0.698779
0.628554
0.626135
0.687241
0.62363
0.672088
0.629321
0.562697
0.616486
0.5988
0.63138
0.671932
0.610432
0.655748
0.633155
0.602807
0.639286
0.613569
0.654037
0.584874
0.625641
0.664112
0.647776
0.609869
0.612479
0.661126
0.611842
0.687284
0.586974
0.547932
0.629185
0.607966
0.646216
0.680423
0.692645
0.626037
0.627154
0.593223
0.695213
0.621916
0.619186
0.615555
0.653728
0.636591
0.691753
0.666036
0.654567
0.671163
0.556711
0.580475
0.610198
0.619204
0.630967
0.660793
0.614665
0.621217
0.579326
0.629267
0.615597
0.646125
0.598244
0.621215
0.642855
0.663787
0.640714
0.570517
0.578367
0.622105
0.59717
0.606386
0.587282
0.654925
0.659551
0.571864
0.643797
0.70058
0.686085
0.6388
0.626431
0.581521
0.656936
0.603258
0.638868
0.612064
0.565734
0.612925
0.64305
0.602601
0.619276
0.640495
0.611318
0.589717
0.64988
0.672888
0.612362
0.57968
0.605526
0.64283
0.584312
0.627886
0.589488
0.619894
0.602856
0.716773
0.592334
0.61494
0.589997
0.666285
0.587591
0.600411
0.646608
0.693125
0.605584
0.696772
0.672475
0.579605
0.670584
0.584105
0.577671
0.635494
0.57974
0.60549
0.646829
0.610446
0.639607
0.653963
0.612647
0.635368
0.677479
0.59731
0.624047
0.579979
0.643232
0.643582
0.632216
0.665356
0.691468
0.621704
0.547541
0.586086
0.628772
0.659963
0.665384
0.635295
0.606997
0.621587
0.656051
0.633597
0.631406
0.636001
0.611042
0.590002
0.559281
0.62361
0.601057
0.616894
0.631008
0.628283
0.601064
0.625606
0.608785
0.624032
0.637985
0.69585
0.612898
0.57774
0.641898
0.635453
0.593121
0.654202
0.63389
0.660682
0.650876
0.602753
0.596327
0.609441
0.561083
0.680207
0.610047
0.67372
0.582994
0.660872
0.623012
0.638067
0.637769
0.66029
0.628831
0.576046
0.662357
0.671296
0.607786
0.609117
0.611933
0.619406
0.608973
0.592519
0.645248
0.63788
0.69677
0.640755
0.599586
0.671213
0.619604
0.650244
0.614988
0.610831
0.669515
0.626517
0.619654
0.636462
0.614134
0.610442
0.634324
0.629116
0.621155
0.573823
0.611497
0.573701
0.59366
0.613789
0.706521
0.59215
0.670509
0.62827
0.581345
0.604296
0.675813
0.684461
0.646972
0.610859
0.628982
0.606928
0.637863
0.639697
0.651168
0.695514
0.61995
0.603338
0.581413
0.607095
0.605249
0.60556
0.658171
0.604059
0.656191
0.574514
0.632646
0.619233
0.653073
0.613527
0.61199
0.624724
0.570303
0.65592
0.622366
0.678142
0.622719
0.673585
0.659661
0.601774
0.624448
0.597805
0.599913
0.599678
0.672023
0.613893
0.594976
0.579818
0.59442
0.643743
0.613778
0.589661
0.705112
0.615475
0.687131
0.638089
0.652483
0.64877
0.616109
0.556053
0.602762
0.656639
0.606212
0.610149
0.724565
0.60857
0.69201
0.626178
0.617455
0.650844
0.615477
0.567182
0.640825
0.578977
0.582201
0.567018
0.653362
0.634078
0.647019
0.633013
0.577101
0.611645
0.646804
0.604613
0.681289
0.60443
0.631513
0.624925
0.649646
0.593659
0.657534
0.60238
0.611992
0.591278
0.623761
0.663196
0.594256
0.667403
0.642994
0.662215
0.670239
0.644305
0.700198
0.599868
0.662823
0.624611
0.619931
0.623399
0.573387
0.623999
0.63115
0.627018
0.666317
0.626376
0.643294
0.580483
0.591816
0.60757
0.619514
0.679606
0.687481
0.621235
0.632099
0.594097
0.613334
0.614831
0.586575
0.599137
0.631905
0.607471
0.546824
0.63239
0.600459
0.586289
0.618308
0.628034
0.63977
0.612743
0.582445
0.612861
0.633407
0.604032
0.600318
0.570766
0.60674
0.579441
0.624066
0.611159
0.608095
0.676993
0.664741
0.735683
0.616988
0.62419
0.607048
0.641559
0.606058
0.558591
0.628588
0.582099
0.638044
0.66821
0.629568
0.600217
0.668846
0.607233
0.592021
0.613727
0.632489
0.559374
0.666318
0.622439
0.676755
0.643328
0.600831
0.634415
0.587123
0.593342
0.638398
0.62258
0.603949
0.619151
0.658017
0.639225
0.626987
0.625165
0.647543
0.593235
0.584168
0.654274
0.583871
0.640501
0.607447
0.609246
0.626124
0.586875
0.62157
0.607035
0.573853
0.573556
0.58754
0.625704
0.64211
0.621205
0.651847
0.575371
0.598346
0.597824
0.654605
0.638991
0.653901
0.583974
0.615222
0.66862
0.608472
0.639917
0.687464
0.645622
0.549845
0.641063
0.617459
0.692396
0.625664
0.638357
0.638043
0.641882
0.568049
0.633477
0.59494
0.629818
0.643253
0.657169
0.631135
0.620148
0.607842
0.579312
0.622836
0.655645
0.687836
0.608085
0.618744
0.660498
0.634295
0.645894
0.62705
0.602205
0.612261
0.578465
0.622511
0.620099
0.619761
0.605028
0.605217
0.632048
0.640307
0.600744
0.579911
0.588291
0.627581
0.593983
0.641427
0.599818
0.590871
0.604421
0.643602
0.608641
0.639612
0.645449
0.62793
0.620073
0.612333
0.618163
0.623255
0.624581
0.617272
0.671007
0.726478
0.615979
0.639566
0.558774
0.693391
0.587298
0.65347
0.616797
0.615232
0.591251
0.622705
0.624481
0.669323
0.630135
0.60929
0.660414
0.598376
0.570188
0.66966
0.617113
0.721512
0.623526
0.574124
0.61698
0.626503
0.607826
0.653207
0.62152
0.622246
0.679427
0.641424
0.622229
0.672895
0.590894
0.633527
0.680382
0.659401
0.642599
0.664518
0.639216
0.68179
0.694659
0.651281
0.618643
0.662676
0.655778
0.620193
0.678788
0.639909
0.649885
0.651417
0.66298
0.648241
0.70663
0.625011
0.646097
0.642829
0.639237
0.636475
0.573167
0.616341
0.660127
0.618319
0.608404
0.616691
0.628499
0.681769
0.588528
0.610938
0.599804
0.641104
0.625519
0.618245
0.600214
0.623701
0.609907
0.593471
0.571198
0.570745
0.675514
0.582209
0.552921
0.638562
0.66948
0.616593
0.651237
0.61967
0.607058
0.606761
0.628995
0.6608
0.613853
0.641399
0.562238
0.638255
0.632575
0.652647
0.59254
0.633401
0.613025
0.59646
0.623671
0.601101
0.710453
0.658703
0.65748
0.582888
0.691703
0.624051
0.608815
0.699411
0.650598
0.651121
0.711351
0.642584
0.617848
0.723137
0.691152
0.653869
0.656172
0.617792
0.586498
0.609485
0.668216
0.678537
0.606925
0.615564
0.625662
0.614774
0.562472
0.65215
0.625652
0.583604
0.700217
0.605541
0.580302
0.634119
0.593517
0.606118
0.577971
0.615943
0.637036
0.646231
0.600014
0.670903
0.63122
0.610332
0.645427
0.647416
0.623027
0.584902
0.6495
0.623671
0.620089
0.670738
0.638512
0.601101
0.599854
0.594091
0.639322
0.651659
0.633463
0.625299
0.567365
0.628518
0.702325
0.60696
0.632301
0.586375
0.715289
0.673499
0.669468
0.635681
0.670123
0.634536
0.609374
0.613859
0.635008
0.729557
0.60963
0.640245
0.605647
0.586207
0.641353
0.615205
0.641359
0.643277
0.627402
0.616333
0.585373
0.64027
0.583502
0.639605
0.579125
0.565834
0.65344
0.68132
0.619882
0.58403
0.581054
0.588414
0.597539
0.62015
0.619437
0.589531
0.602935
0.61677
0.566389
0.597812
0.568701
0.609259
0.600385
0.679823
0.656177
0.630933
0.611083
0.638317
0.650077
0.699927
0.633901
0.678066
0.690263
0.626247
0.602627
0.619716
0.652959
0.582583
0.628265
0.638225
0.628106
0.630426
0.581988
0.645447
0.650652
0.558405
0.601335
0.607551
0.623478
0.599301
0.635273
0.563784
0.635165
0.651137
0.639937
0.608874
0.594685
0.599051
0.632732
0.598755
0.615567
0.644473
0.603282
0.649039
0.648907
0.666617
0.598997
0.648832
0.626215
0.627491
0.562873
0.634247
0.552107
0.635609
0.618923
0.622837
0.665748
0.606358
0.599687
0.637831
0.643749
0.638232
0.628177
0.632054
0.58261
0.600404
0.622627
0.627999
0.626698
0.601886
0.622703
0.614223
0.587624
0.636933
0.613196
0.614086
0.602937
0.649431
0.627883
0.587775
0.613189
0.624571
0.630198
0.689188
0.64128
0.643802
0.614849
0.613015
0.649992
0.623441
0.593703
0.686344
0.615592
0.634005
0.616887
0.613967
0.624593
0.625182
0.646858
0.608201
0.647677
0.609836
0.646888
0.563303
0.579764
0.661125
0.648844
0.636011
0.603258
0.665221
0.640035
0.652374
0.632336
0.654911
0.620501
0.648002
0.603311
0.589493
0.642962
0.62063
0.610238
0.613067
0.569571
0.57202
0.602999
0.649494
0.61903
0.660107
0.630563
0.612755
0.563561
0.634161
0.661288
0.634099
0.599205
0.633219
0.602013
0.584651
0.661192
0.610919
0.588871
0.608797
0.60569
0.603996
0.700758
0.615901
0.625026
0.591897
0.640077
0.634259
0.620976
0.622952
0.622879
0.572302
0.617891
0.569888
0.610897
0.620452
0.572294
0.632863
0.641266
0.630532
0.594217
0.581296
0.583326
0.646044
0.659891
0.591033
0.607853
0.641334
0.667701
0.646876
0.643286
0.621873
0.673075
0.57674
0.603079
0.646157
0.617286
0.61956
0.638973
0.637612
0.614392
0.582683
0.60706
0.607569
0.64469
0.618614
0.591437
0.680141
0.614971
0.600679
0.561793
0.628523
0.645323
0.62101
0.58176
0.631759
0.605016
0.565472
0.690915
0.62141
0.567396
0.629446
0.658012
0.601202
0.591935
0.589131
0.574919
0.607903
0.532621
0.686081
0.626796
0.615279
0.667305
0.664291
0.633825
0.673074
0.637051
0.611027
0.734307
0.656078
0.562629
0.650208
0.625556
0.625905
0.667936
0.667194
0.607251
0.660434
0.640244
0.627709
0.609592
0.618854
0.608054
0.619526
0.620209
0.611124
0.601196
0.629152
0.646052
0.608066
0.546165
0.666193
0.64176
0.603792
0.643754
0.680989
0.620457
0.582545
0.569362
0.603481
