1.70081
1.8294
1.03345
1.98277
1.96319
1.74125
1.79207
1.99453
1.98291
1.37374
1.97779
1.80997
1.02691
1.23521
1.63587
1.09587
1.97653
1.03712
1.29232
1.73743
1.6882
1.97022
1.5276
1.23609
1.82992
1.99635
1.00637
1.47802
1.88838
1.45605
1.97829
1.98869
1.12436
1.42753
1.70815
1.85613
1.85714
1.08417
1.92095
1.39593
1.43972
1.30322
1.46323
1.60635
1.97798
1.79755
1.10976
1.46585
1.97365
1.86148
1.48582
1.97653
1.87643
1.80182
1.99672
1.48759
1.46338
1.97698
0.297767
1.69194
1.29723
1.45605
0.30303
1.29227
1.47252
1.44736
1.49559
1.00509
1.39626
1.97732
1.80131
1.74158
1.82488
1.48759
1.68879
1.87491
1.47757
1.33256
1.65283
1.46623
0.305732
1.10576
1.7013
0.893067
1.4359
1.46125
1.68979
1.65182
1.42585
1.01971
1.10495
1.02764
1.81713
1.80304
1.62171
1.45605
1.31552
1.44833
1.68879
1.97698
0.147094
1.70759
1.7003
1.98247
1.39659
1.97829
1.49455
1.35035
1.96803
1.97829
1.46323
1.92125
1.97627
1.74249
1.52847
1.79755
1.16845
1.99635
1.43972
1.9788
1.96254
1.41379
1.50574
1.30901
1.00235
1.08417
1.99635
1.49663
1.71618
0.860977
1.91327
1.20889
1.53211
1.76197
1.46314
1.10976
1.70693
1.99672
1.50722
1.43927
1.30365
1.87053
1.8406
0.801704
1.45605
1.43107
1.44898
1.73487
1.98277
1.45754
1.70019
1.16845
1.97855
1.78038
1.14849
1.99635
1.31552
1.52874
1.74191
1.85809
1.42708
1.65116
1.97514
1.91266
1.8028
1.46356
1.46881
1.13077
1.44016
1.46093
1.96416
1.15764
1.4488
1.98173
1.69139
1.33179
1.30365
1.31552
1.44866
1.81024
1.96319
1.90391
1.48759
1.30322
1.99635
1.30365
1.94308
1.97855
1.14827
1.24304
1.97498
1.32243
1.58574
1.13021
1.44848
1.92398
1.08417
1.99621
1.99562
1.46356
1.98247
1.83018
1.8294
1.65132
0.274112
1.39514
1.45605
1.97173
1.97698
1.95173
1.74799
1.83141
1.98458
1.52419
1.73743
1.45605
1.7916
1.74191
1.84065
1.96254
1.6998
1.30752
1.8031
1.99599
1.99526
1.73492
1.16845
1.7898
1.90056
0.936815
1.33256
1.8031
1.4515
1.39626
1.99344
1.96222
1.96416
1.31093
1.14634
1.70759
1.97365
1.79077
1.42753
1.8618
1.6733
1.83196
1.9573
0.45977
1.69139
1.8585
1.49585
1.23477
1.08518
1.6022
1.99192
1.99635
1.48682
1.44783
1.73743
1.10628
1.80997
1.99635
1.30866
1.95867
1.85094
1.30195
1.97829
1.4273
1.99635
1.97665
1.84037
1.93131
1.7898
1.59369
1.88277
1.55041
1.69219
1.73559
1.68924
1.15867
1.31467
1.39659
1.03491
1.96416
1.41645
1.99672
1.95227
1.83118
1.45605
1.7916
1.32181
1.83333
1.45681
1.65267
1.58574
1.97829
1.70759
1.78556
1.98277
1.44736
1.46389
1.97665
1.95815
1.32181
1.46585
1.32209
1.96254
0.30303
1.99167
1.13141
1.23667
1.49663
1.4515
1.70759
1.99635
1.65267
0.93746
1.33179
1.95871
1.95899
1.99635
1.83386
1.91296
1.7898
1.96319
1.87491
1.99672
1.67848
1.41379
0.147094
1.99621
1.65317
0.950355
1.95835
1.98489
1.93131
1.78038
1.39659
1.87491
1.99672
1.98217
1.46637
1.68879
1.81532
1.85802
1.33467
1.69139
1.48759
1.71649
1.73523
1.93665
1.95867
1.44322
1.74191
1.59422
1.81068
1.95731
1.72306
1.75719
1.97779
1.99562
1.99526
1.96191
1.48675
1.18382
1.97627
1.8679
1.71649
1.80997
1.75384
1.84101
1.78915
1.30407
1.83004
1.98277
1.78038
1.39626
1.09587
1.92125
1.31001
1.4273
1.7898
1.8294
1.99596
1.97003
1.9731
1.00235
1.08468
1.93189
1.99453
1.96346
1.45605
1.30407
1.77209
1.09587
1.35035
1.97172
1.87486
1.39269
1.69139
1.81759
1.97732
1.97665
1.59422
1.94448
1.53019
1.97037
0.169811
1.69194
1.33467
1.10695
1.4273
1.46356
1.99672
1.9186
1.92095
1.7003
1.97764
1.48803
0.473282
1.70949
1.16845
1.65317
1.99672
1.46454
1.30322
1.79044
1.03345
1.46848
1.98425
1.81372
1.18102
1.66089
1.69139
1.81292
1.93159
1.06273
1.69194
1.32801
1.10628
1.99635
1.23521
1.88132
1.23521
1.98511
1.99672
1.24327
1.81766
1.72707
1.45605
1.99621
1.92125
1.49559
1.46356
1.30322
1.29666
1.33256
1.93665
0.144721
1.97779
1.99599
1.02618
1.9092
1.97514
1.42753
1.48759
1.84065
1.99635
1.99218
1.71592
1.91296
1.95835
1.43972
1.97779
1.03273
1.97698
1.74191
1.30365
1.63279
1.24397
1.96319
1.97728
1.62397
1.93243
1.08417
1.5279
1.75712
1.73492
1.69139
1.98187
1.60663
0.681899
1.87638
1.45605
1.47252
1.6022
1.31552
1.99672
1.68879
1.46533
1.99526
1.97627
1.00235
1.69139
1.62875
1.33025
1.97732
1.46585
1.49559
1.97653
1.99635
1.8679
1.87643
1.67927
1.9639
1.98277
1.70825
1.97627
1.6998
1.09587
1.14871
1.48659
1.99672
1.14849
1.29666
1.98277
0.89764
1.47013
1.45624
0.832857
1.18328
1.88993
1.76814
1.45605
1.48559
1.98979
1.4375
0.860977
1.4515
1.43972
1.14849
1.31552
1.24212
1.49559
1.30365
1.62875
1.24212
1.97665
1.97779
1.98796
1.99489
1.97829
1.99562
1.87559
1.44127
1.43551
1.96645
1.43927
1.8679
1.24304
1.52874
1.84116
1.93159
1.91809
1.45605
1.98489
1.71618
1.44322
1.99167
1.88132
1.70759
1.49559
1.97779
1.73487
1.9639
1.58562
1.67365
1.85272
1.69139
1.59422
1.91266
1.53082
1.97763
1.68498
0.714286
1.46219
1.08417
1.82856
1.81351
1.13904
1.10762
1.58545
1.98277
1.71618
1.98277
1.44221
1.99599
1.74125
1.72278
1.96771
1.04148
1.97804
0.657447
1.29058
0.949612
1.66089
1.69219
1.6017
1.03709
1.71618
1.99635
1.15867
1.46422
1.99672
1.71649
1.94308
1.7853
1.78947
1.03418
1.42753
1.46848
1.48171
1.87413
1.77943
1.10628
1.98511
1.46356
1.30365
1.9731
1.60271
1.79995
1.31523
1.61319
1.45605
1.3042
1.43525
1.01345
1.47592
1.45605
1.74191
1.69812
1.99599
1.73743
1.08417
1.97732
1.71649
1.97829
1.60019
1.18451
1.37374
1.97829
1.00509
1.44898
1.99672
1.57643
1.87486
1.00637
1.73743
1.10762
1.79134
1.93665
1.14916
1.45681
1.3151
1.99562
1.3042
0.950262
1.16856
1.70304
1.69139
1.15867
1.79181
1.30293
1.76882
1.69059
1.53209
1.99635
1.6998
1.42753
1.09416
1.74059
1.97498
1.96254
1.99167
1.4356
0.936774
1.61256
1.08518
1.95536
1.65166
1.73487
1.9639
1.65116
1.78947
1.09463
1.81377
1.61319
1.69219
1.78038
1.99635
1.97829
1.34644
1.46356
1.96222
1.78583
1.8031
1.9938
1.75747
0.147094
1.70693
1.44736
1.35035
1.93665
1.09501
1.30407
1.83004
1.98486
1.80365
1.81377
1.79011
1.45605
1.97829
1.90391
1.46881
1.13085
1.90917
1.33566
1.69139
1.44221
1.46881
1.92095
1.99192
1.8133
1.7898
1.46881
1.99635
1.30322
1.97732
1.99635
1.97728
1.97498
1.13149
1.67892
1.92315
1.69219
1.80131
0.292929
1.84101
1.58574
1.82992
1.31595
1.98549
1.8679
1.00509
1.43573
1.95229
1.67953
1.03491
1.99672
1.90492
1.83104
1.96416
1.86982
1.97498
1.80866
1.96254
1.96264
1.71618
1.99088
1.80365
1.67892
1.40174
1.45605
1.97829
1.77234
0.937419
0.932886
1.45605
1.31595
1.65166
1.30322
1.99635
1.33025
1.85043
1.34644
1.96803
1.73523
1.97698
1.4488
1.16184
1.37424
0.531818
1.66089
1.18382
0.886333
1.97728
1.89869
1.69219
1.99635
1.13141
1.45681
1.47258
1.03421
1.54472
1.45605
1.87643
1.59422
1.98217
1.87097
1.59451
1.94349
1.81106
1.97698
1.01747
1.73487
1.44736
1.99599
1.44866
1.98277
1.31523
1.9851
1.08915
1.18382
1.41676
1.52847
1.62029
1.45605
1.49559
1.3151
1.71649
1.42055
1.73487
1.97865
1.59439
1.88224
1.69139
1.87097
1.99015
1.96319
1.82966
1.99599
1.99344
1.96966
1.97514
1.33179
1.42708
1.99489
1.27483
1.58516
1.73487
1.97732
1.49559
1.7898
1.97653
1.95815
1.81377
1.70815
1.89055
1.69059
1.85856
1.42753
1.99635
1.8028
1.74191
1.50722
1.97514
1.86982
1.48781
1.99672
1.90361
1.03345
1.83333
1.94349
1.33025
1.97732
1.97148
1.48559
1.09544
1.98833
1.14827
1.59422
1.48271
1.30752
1.44221
1.67714
1.88026
0.45977
1.16845
1.85809
1.44833
1.01913
1.35035
1.88132
1.33179
1.31552
1.75917
1.99489
1.6302
1.30335
0.923899
1.16856
1.39386
1.18382
1.99192
1.86866
0.94971
1.32243
1.35066
1.97627
0.93746
1.48759
1.70759
1.98869
1.99167
1.43738
1.97753
1.20205
1.45605
1.84065
1.96803
1.97703
1.99635
1.27329
0.989677
1.43959
1.01971
1.16845
1.30916
1.99635
1.7161
1.33128
1.96901
1.16845
1.31001
1.78915
1.43573
1.90056
1.66002
1.58562
1.84245
1.69139
1.80131
1.8489
1.46637
1.03709
1.44768
1.90861
1.98247
1.90549
1.48559
1.96192
1.96192
0.93871
1.99854
1.71609
1.69059
1.44833
1.30979
1.99635
1.70066
1.42696
0.87
1.45605
1.44149
1.12436
1.81377
1.47028
1.73743
1.45624
1.6451
1.8975
1.16845
1.96836
1.82992
1.48361
1.71649
1.96803
1.58516
1.8201
1.57538
1.25032
1.69139
1.97017
1.45754
1.92315
1.10561
1.42753
1.59422
1.97855
1.53082
1.09501
1.30322
1.74191
1.87643
1.9788
1.85043
1.75719
1.78915
1.31467
1.74508
