0.869675
0.93937
0.0363636
0.999698
0.984824
0.858416
0.915201
0.998176
0.990572
0.446465
0.996719
0.939895
0.0450909
0.473373
0.950731
0.764806
0.996214
0.0524017
0.888417
0.985207
0.760766
0.995204
0.913489
0.831283
0.935171
0.999271
0.0191083
0.951356
0.90331
0.633121
0.996466
0.999271
0.980769
0.704787
0.856388
0.927591
0.993964
0.513105
0.999412
0.413329
0.704787
0.888465
0.482928
0.803888
0.99633
0.812379
0.523232
0.890937
0.998999
0.885373
0.704566
0.995962
0.943528
0.988906
0.998906
0.704122
0.482759
0.995996
0.475186
0.760575
0.751889
0.633121
0.373737
0.914917
0.703679
0.850988
0.994292
0.019084
0.413329
0.995997
0.988906
0.858416
0.996377
0.704787
0.769336
0.973012
0.951402
0.810624
0.767547
0.890909
0.333333
0.363454
0.922078
0.779083
0.564103
0.575614
0.759171
0.767799
0.702727
0.559685
0.363636
0.0450909
0.862851
0.949772
0.748876
0.633121
0.888041
0.85358
0.769336
0.996331
0.988138
0.856106
0.869168
1
0.413329
0.996466
0.993773
0.663164
0.98547
0.996466
0.482928
0.999706
0.996214
0.858699
0.914009
0.812379
0.313503
0.999271
0.704787
0.996214
0.984824
0.700798
0.662457
0.618016
0.26
0.513105
0.998906
0.994292
0.909374
0.66613
0.999396
0.477037
0.77584
0.940845
0.575614
0.523232
0.857426
0.998906
0.532502
0.704566
0.888889
0.983096
0.946029
0.46708
0.633121
0.703236
0.853256
0.7469
1
0.843157
0.92148
0.313503
0.996466
0.937076
0.567376
0.999271
0.888041
0.913489
0.858416
0.926679
0.704787
0.857096
0.988053
0.999396
0.949787
0.483257
0.488181
0.982692
0.704566
0.482272
0.975674
0.394089
0.853532
0.990572
0.760766
0.810624
0.888889
0.888041
0.853256
0.939633
0.984824
0.990303
0.973188
0.888889
0.999271
0.888889
0.993304
0.996466
0.567598
0.743043
0.999333
0.500481
0.927841
0.983323
0.853532
0.991161
0.513609
0.997476
0.999271
0.483257
1
0.935171
0.93937
0.767799
0.370558
0.722506
0.633121
0.997476
0.998666
0.99721
0.750547
0.922702
1
0.829302
0.985207
0.633121
0.914961
0.858416
0.946044
0.984824
0.870183
0.617312
0.950091
0.999635
0.99927
0.759974
0.313503
0.808201
0.994447
0.972921
0.810624
0.950091
0.844463
0.413329
0.998906
0.998489
0.975674
0.617312
0.542294
0.856106
0.998999
0.80691
0.704787
0.885696
0.941297
0.922679
0.996651
0.344828
0.759968
0.927118
0.993769
0.634366
0.514113
0.687876
0.997224
0.999271
0.764456
0.851264
0.985207
0.363636
0.939895
0.999271
0.617312
0.98773
0.943338
0.888889
0.996466
0.705009
0.999271
0.995997
0.945765
0.953495
0.807879
0.71493
0.973948
0.792916
0.760766
0.7469
0.769336
0.393604
0.888041
0.413657
0.0538182
0.975412
0.704122
0.99927
0.997209
0.850951
0.633121
0.914961
0.681052
0.996377
0.842237
0.767606
0.927549
0.996466
0.856106
0.938845
0.999698
0.850988
0.483257
0.995997
0.996373
0.680766
0.890937
0.680766
0.984824
0.373737
0.996719
0.983333
0.830697
0.994292
0.844463
0.856106
0.999271
0.767606
0.972921
0.810624
0.996373
0.987407
0.999271
0.93937
0.999093
0.808201
0.985147
0.972648
0.999635
0.807874
0.700798
0.988138
0.997476
0.767857
0.964539
0.987407
0.999698
0.953495
0.937693
0.413657
0.972648
0.998906
1
0.891197
0.769336
0.972468
0.926645
0.641359
0.760766
0.704122
0.91026
0.7469
0.976022
0.98773
0.643216
0.858746
0.94274
0.97427
0.995536
0.917977
0.800455
0.996719
0.999271
0.999635
0.999395
0.85476
0.360963
0.996214
0.983103
0.91026
0.939895
0.936624
0.974654
0.807879
0.888889
0.901442
1
0.937693
0.413329
0.764806
0.999706
0.888465
0.705009
0.808201
0.93937
0.997476
0.99972
0.999698
0.26
0.513609
0.953481
0.998176
0.981732
0.633121
0.888889
0.975369
0.764806
0.663164
0.997475
0.973003
0.936073
0.760766
0.863287
0.998999
0.995997
0.94274
0.996373
0.774235
0.999395
0.834906
0.759777
0.641359
0.363636
0.705009
0.483257
0.999271
0.999412
0.999706
0.869168
0.99633
0.704656
0.468193
0.944391
0.313503
0.767103
0.999271
0.504268
0.888465
0.80691
0.0370909
0.488181
1
0.972201
0.225166
0.964355
0.759968
0.867729
0.953481
0.206642
0.759777
0.538505
0.364305
0.999271
0.473373
0.973961
0.473373
0.996719
0.999271
0.741876
0.972468
0.986686
0.633121
0.997476
0.999706
0.994292
0.483257
0.888889
0.680194
0.810624
0.976022
0.988138
0.996719
0.999635
0.0443636
0.990597
0.98773
0.704787
0.704122
0.946044
0.999271
0.997224
0.909974
0.999093
0.987407
0.704566
0.996719
0.0436364
0.996331
0.858416
0.888889
0.950731
0.743043
0.984824
0.996213
0.831628
0.989382
0.513105
0.661274
0.800683
0.759974
0.760766
0.999698
0.803888
0.921068
0.975829
0.633121
0.703901
0.687876
0.888041
0.999271
0.768879
0.890937
0.99927
0.996213
0.26
0.760766
0.838525
0.810624
0.995997
0.890937
0.994292
0.996214
0.999271
0.983103
0.943528
0.807612
0.975412
0.999698
0.856436
0.995962
0.869675
0.764806
0.567376
0.972195
0.998906
0.567598
0.680194
1
0.917913
0.675325
0.632965
0.46
0.360535
0.996466
0.893044
0.633121
0.704566
0.997812
0.704787
0.66613
0.845012
0.704566
0.567376
0.888041
0.742115
0.994292
0.888889
0.838525
0.742115
0.995664
0.996719
0.999271
0.999271
0.996466
0.999271
0.943249
0.704344
0.703901
0.968271
0.704566
0.983871
0.743043
0.913489
0.946029
0.953481
0.982911
0.632696
0.999698
0.909374
0.643216
0.996719
0.97346
0.856106
0.994292
0.996719
0.746535
0.975412
0.92782
0.941267
0.96447
0.760766
0.94274
0.999396
0.802343
0.999395
0.824176
0.274131
0.57656
0.513609
0.939617
0.972727
0.686924
0.364305
0.927549
0.999698
0.909374
1
0.642714
0.998906
0.858416
0.917977
0.985147
0.0509461
0.996718
0.761702
0.469517
0.821705
0.964355
0.760766
0.687375
0.0465455
0.909374
0.999271
0.394834
0.50394
0.998906
0.909974
0.993304
0.938583
0.807879
0.0538182
0.704787
0.488181
0.704278
0.972638
0.902975
0.363636
0.996719
0.483257
0.888889
0.999698
0.687876
0.938304
0.887993
0.626506
0.633121
0.888842
0.703991
0.587444
0.953757
0.633121
0.858416
0.870117
0.999635
0.985207
0.513105
0.995997
0.91026
0.996718
0.677638
0.966361
0.446465
0.996466
0.019084
0.85358
0.999271
0.580724
0.973003
0.0191083
0.985207
0.363636
0.914698
0.976022
0.567598
0.842736
0.888041
0.99927
0.888842
0.0667539
0.313043
0.975829
0.760766
0.393604
0.915201
0.888842
0.86616
0.759968
0.775606
0.999271
0.869675
0.704787
0.764806
0.858086
0.999333
0.984824
0.996719
0.704057
0.972903
0.626506
0.513609
0.996094
0.767354
0.746535
0.975412
0.857096
0.807879
0.765132
0.972727
0.626506
0.760766
0.937693
0.999271
0.996466
0.663765
0.483257
0.998489
0.938845
0.950091
0.998177
0.80074
0.988138
0.857426
0.850988
0.663164
0.976022
0.764806
0.888889
0.901442
0.996719
0.950076
0.972727
0.864639
0.633121
0.996466
0.990303
0.48851
0.982681
0.990594
0.641359
0.760766
0.642714
0.488181
0.999412
0.996971
0.972475
0.808201
0.48851
0.999271
0.888889
0.998999
0.999271
0.993942
0.999333
0.983323
0.807824
0.986812
0.759968
0.98941
0.373737
0.974654
0.927841
0.935171
0.888041
1
0.983103
0.019084
0.703901
0.99721
0.807874
0.0545455
0.999271
0.962141
0.901106
0.975674
0.982719
0.999333
0.917585
0.984824
0.99533
0.909374
0.999635
0.950076
0.807824
0.681653
0.633121
0.996466
0.97569
0.972903
0.385906
0.633121
0.888041
0.767354
0.888889
0.999271
0.810624
0.942828
0.663765
0.98547
0.7469
0.99633
0.853532
0.183986
0.445718
0.318182
0.964355
0.360963
0.177267
0.995961
0.957688
0.760766
0.999271
0.983333
0.842237
0.50936
0.0371179
0.841206
0.633121
0.943528
0.94274
1
0.983871
0.94274
0.987407
0.974654
0.996331
0.779534
0.746535
0.850988
0.998906
0.853256
0.999698
0.887993
0.996718
0.109955
0.360963
0.704278
0.914009
0.730435
0.633121
0.994292
0.887617
0.91026
0.562705
0.746535
0.998999
0.942431
0.988417
0.760766
0.983487
0.997447
0.985147
0.939633
0.999635
0.998906
0.975412
0.988053
0.810624
0.705009
0.999271
0.765204
0.927841
0.746535
0.995997
0.994292
0.807879
0.995962
0.996373
0.972468
0.856058
0.997789
0.759968
0.926679
0.705009
0.999271
0.949787
0.858416
0.532502
0.988053
0.982719
0.704787
0.999271
0.990303
0.0370909
0.996377
0.987407
0.810624
0.995664
0.997224
0.704566
0.764806
0.998906
0.567376
0.94274
0.704566
0.617312
0.643216
0.828052
0.973447
0.344828
0.313503
0.927152
0.85358
0.779534
0.663164
0.973961
0.810624
0.888041
0.78052
0.999271
0.950693
0.888842
0.0654206
0.313043
0.721228
0.360963
0.997224
0.983103
0.965184
0.500481
0.604199
0.995962
0.972276
0.704122
0.856106
0.999271
0.996719
0.704722
0.996466
0.859335
0.633121
0.946044
0.98547
0.996214
0.999271
0.764434
0.972903
0.704722
0.559685
0.313503
0.888465
0.999271
0.909351
0.810478
0.995714
0.313503
0.888465
0.807879
0.704122
0.994447
0.816487
0.927528
0.995025
0.760766
0.988906
0.942828
0.890937
0.0465455
0.850988
0.990597
0.999698
0.961856
0.704566
0.998489
0.998489
0.972258
0.998176
0.973837
0.759968
0.85358
0.618451
0.999271
0.869609
0.704943
0.86125
0.633121
0.704344
0.980769
0.972208
0.488342
0.985207
0.63254
0.993428
0.956496
0.313503
0.98547
0.935171
0.973188
0.91026
0.98547
0.927549
0.891866
0.579982
0.683871
0.760766
0.975406
0.843157
0.986812
0.363636
0.704787
0.94274
0.996466
0.802343
0.764806
0.888465
0.858416
0.943249
0.996466
0.942828
0.800455
0.807879
0.888041
0.745441
