0.826781
0.920666
0.949364
0.961744
0.955977
0.881929
0.920054
0.967277
0.94843
0.910455
0.960711
0.919637
0.952965
0.731531
0.878735
0.930423
0.96065
0.958079
0.891548
0.918172
0.908264
0.954826
0.867138
0.810005
0.919732
0.966689
0.895158
0.875509
0.919349
0.867135
0.960648
0.965416
0.872674
0.949644
0.884764
0.914067
0.940972
0.894367
0.966002
0.933576
0.946535
0.890871
0.939401
0.919936
0.950585
0.91821
0.840442
0.933939
0.952199
0.947862
0.959181
0.96065
0.907995
0.809631
0.967631
0.955642
0.939491
0.950659
0.784103
0.905551
0.784817
0.867135
0.786809
0.837692
0.952407
0.836433
0.930837
0.894868
0.933576
0.95049
0.80932
0.881858
0.856935
0.955483
0.864689
0.955804
0.875314
0.858066
0.938397
0.934008
0.784878
0.857943
0.935377
0.863027
0.911102
0.836326
0.904825
0.938276
0.940583
0.88026
0.857473
0.952965
0.880707
0.868747
0.907377
0.867135
0.89101
0.836439
0.864761
0.950565
0.889245
0.884692
0.826612
0.961744
0.933576
0.960648
0.930837
0.96333
0.958346
0.960648
0.939401
0.9661
0.96065
0.881929
0.867252
0.91821
0.85206
0.966689
0.946535
0.960514
0.955977
0.946441
0.850412
0.722061
0.860446
0.894367
0.966568
0.930837
0.945877
0.843836
0.957635
0.736885
0.858351
0.890779
0.836116
0.840442
0.884636
0.967631
0.928765
0.946535
0.890871
0.881699
0.911911
0.885986
0.867135
0.94745
0.836439
0.972507
0.961833
0.857829
0.935095
0.85206
0.960514
0.869739
0.949343
0.966689
0.89101
0.867138
0.881858
0.91345
0.949644
0.885916
0.958907
0.957635
0.868686
0.939401
0.939557
0.873063
0.946561
0.938927
0.96137
0.761223
0.836494
0.948231
0.90536
0.857963
0.890871
0.89101
0.836439
0.919799
0.955977
0.960765
0.885572
0.891199
0.966689
0.890871
0.962936
0.960514
0.949343
0.794973
0.951087
0.798768
0.939188
0.873195
0.836494
0.938407
0.894367
0.956531
0.96659
0.939401
0.961744
0.919732
0.920666
0.938161
0.786537
0.813417
0.867135
0.960435
0.951132
0.959064
0.972825
0.875612
0.964594
0.87804
0.918172
0.867135
0.919987
0.881858
0.911842
0.955977
0.827093
0.721998
0.868686
0.968677
0.966677
0.955599
0.85206
0.961131
0.955953
0.826186
0.858066
0.868686
0.878175
0.933576
0.965973
0.961391
0.96137
0.721998
0.918611
0.884692
0.952199
0.95823
0.949644
0.947862
0.924305
0.875675
0.962049
0.686614
0.90536
0.913567
0.930974
0.889336
0.894367
0.846835
0.955487
0.967631
0.855834
0.836488
0.918172
0.857695
0.919637
0.966689
0.721998
0.953752
0.918587
0.890963
0.960648
0.949644
0.966689
0.950565
0.911842
0.916935
0.961131
0.917811
0.924228
0.882656
0.90536
0.972507
0.864761
0.761516
0.89101
0.933576
0.958122
0.96137
0.946115
0.966677
0.959145
0.876357
0.867135
0.919987
0.910012
0.854056
0.857734
0.938279
0.939188
0.960627
0.884692
0.916901
0.961576
0.836433
0.939401
0.950565
0.961907
0.910012
0.933939
0.910012
0.955977
0.786809
0.955437
0.873063
0.810005
0.930837
0.878175
0.884692
0.966689
0.938279
0.826813
0.857963
0.961907
0.953752
0.96659
0.919788
0.957635
0.961131
0.955977
0.955804
0.96841
0.911777
0.946441
0.889245
0.95651
0.938413
0.82778
0.953752
0.964834
0.916935
0.870099
0.933576
0.955804
0.967631
0.962265
0.933939
0.864689
0.940311
0.913567
0.890681
0.90536
0.955642
0.931436
0.972629
0.950399
0.953752
0.825635
0.881858
0.934671
0.863108
0.962983
0.928679
0.96469
0.960711
0.968688
0.964214
0.96485
0.872816
0.851233
0.96065
0.88157
0.931436
0.919637
0.947608
0.880501
0.961131
0.891012
0.867095
0.961576
0.870099
0.933576
0.930423
0.9661
0.891651
0.949644
0.961131
0.920666
0.95651
0.96135
0.962328
0.860446
0.894367
0.917011
0.967277
0.946638
0.867135
0.890927
0.901176
0.930423
0.96333
0.960509
0.95591
0.834061
0.90536
0.880625
0.951245
0.950565
0.934671
0.964416
0.858371
0.964283
0.828302
0.905551
0.890681
0.85753
0.949644
0.939401
0.967077
0.966049
0.9661
0.826612
0.950585
0.955839
0.70766
0.93911
0.85206
0.938342
0.967077
0.94226
0.890951
0.95823
0.949364
0.939557
0.954385
0.927944
0.864188
0.893105
0.90536
0.908137
0.917011
0.705132
0.905551
0.918696
0.857473
0.967631
0.731531
0.924199
0.731531
0.95843
0.967077
0.795092
0.927828
0.920224
0.867135
0.956531
0.9661
0.930837
0.939401
0.891199
0.911625
0.85822
0.950399
0.889245
0.960711
0.96841
0.952965
0.960312
0.958907
0.949644
0.955642
0.911842
0.966689
0.955487
0.931436
0.957635
0.953752
0.946535
0.960711
0.952383
0.950565
0.881858
0.890951
0.878843
0.795282
0.955977
0.96055
0.882663
0.924336
0.894367
0.887162
0.964775
0.955599
0.90536
0.962265
0.919936
0.931984
0.883174
0.867135
0.952407
0.846835
0.89101
0.967077
0.864761
0.933939
0.966677
0.960724
0.860446
0.90536
0.898565
0.857963
0.95049
0.933939
0.930837
0.96065
0.967631
0.88157
0.907995
0.911591
0.96137
0.961576
0.884692
0.960523
0.827093
0.930423
0.949343
0.885572
0.967631
0.949343
0.911625
0.961833
0.876777
0.800243
0.86722
0.807079
0.851357
0.956445
0.891271
0.867135
0.959181
0.966443
0.950965
0.843836
0.877836
0.946535
0.949343
0.89101
0.794973
0.930837
0.890871
0.898565
0.794973
0.950565
0.960711
0.965416
0.966568
0.960648
0.968688
0.907995
0.946255
0.947019
0.968582
0.946535
0.882209
0.794973
0.867138
0.911911
0.917011
0.944331
0.867135
0.964834
0.945877
0.825635
0.955437
0.924199
0.884692
0.930837
0.960711
0.972507
0.96137
0.939268
0.924436
0.94208
0.90536
0.934671
0.957635
0.850169
0.963313
0.834218
0.829012
0.836326
0.894367
0.919514
0.940165
0.897972
0.85753
0.939188
0.961744
0.945877
0.961744
0.825635
0.967631
0.881929
0.928679
0.958346
0.955511
0.960509
0.855943
0.813607
0.795008
0.893105
0.90536
0.846835
0.954715
0.945877
0.967631
0.761106
0.94226
0.967631
0.931436
0.962936
0.916901
0.961131
0.958122
0.949644
0.939557
0.954745
0.95591
0.876893
0.857695
0.95843
0.939401
0.890951
0.962238
0.846835
0.919127
0.891105
0.93009
0.867135
0.891072
0.947199
0.879254
0.905128
0.867135
0.881858
0.827318
0.968677
0.918172
0.894367
0.95049
0.931436
0.960638
0.844506
0.925603
0.910455
0.960627
0.894868
0.836439
0.967077
0.944903
0.95591
0.895158
0.918172
0.857753
0.919987
0.950399
0.949388
0.857734
0.89101
0.966613
0.890881
0.830264
0.851961
0.880647
0.90536
0.761516
0.920054
0.890966
0.916785
0.905493
0.858111
0.966689
0.827093
0.949644
0.930594
0.881929
0.951087
0.955977
0.955437
0.947081
0.826917
0.93009
0.894367
0.962976
0.938092
0.972507
0.96137
0.885916
0.961131
0.930706
0.940165
0.93009
0.90536
0.870099
0.966689
0.960648
0.963661
0.939401
0.961391
0.916989
0.868686
0.967076
0.96469
0.889245
0.884636
0.836433
0.96333
0.950399
0.930423
0.891012
0.867095
0.95843
0.868747
0.940165
0.915896
0.867135
0.960648
0.960765
0.939557
0.873195
0.960398
0.890781
0.90536
0.825635
0.939557
0.966002
0.955487
0.940094
0.961131
0.939557
0.966689
0.891199
0.951245
0.96659
0.95595
0.951087
0.873195
0.911842
0.9641
0.905493
0.80932
0.786809
0.880501
0.939188
0.919732
0.891151
0.964978
0.88157
0.894868
0.947019
0.959064
0.911678
0.958122
0.966568
0.955748
0.867095
0.96137
0.881616
0.951087
0.920829
0.955977
0.949868
0.945877
0.966974
0.868747
0.911842
0.900584
0.867135
0.960627
0.901253
0.826917
0.710802
0.867135
0.891151
0.938092
0.891199
0.967631
0.857963
0.918587
0.963661
0.958346
0.972629
0.950659
0.836494
0.738265
0.910335
0.785816
0.893105
0.851233
0.828061
0.960687
0.941883
0.90536
0.966689
0.873063
0.857734
0.939788
0.949569
0.876351
0.867135
0.907995
0.934671
0.962265
0.881231
0.934671
0.954991
0.863032
0.950565
0.845759
0.972507
0.836433
0.966469
0.836439
0.961576
0.891105
0.958503
0.946733
0.851233
0.946177
0.867252
0.845138
0.867135
0.930837
0.89101
0.931436
0.925995
0.972507
0.95126
0.934749
0.924019
0.90536
0.881231
0.966443
0.956085
0.920754
0.96841
0.965973
0.96203
0.958907
0.858066
0.949644
0.966568
0.850005
0.939286
0.972507
0.95049
0.930837
0.961131
0.96065
0.961907
0.940165
0.884764
0.946605
0.90536
0.91345
0.949644
0.967631
0.868686
0.881858
0.928765
0.958907
0.881616
0.955483
0.967077
0.960765
0.949364
0.854056
0.954991
0.857963
0.95049
0.960435
0.959181
0.930423
0.965294
0.949343
0.934671
0.956096
0.721998
0.825635
0.946184
0.924246
0.686614
0.85206
0.91345
0.836439
0.845759
0.96333
0.924199
0.857963
0.89101
0.958061
0.966568
0.879158
0.890966
0.826784
0.851961
0.813417
0.851233
0.955487
0.88157
0.82778
0.798768
0.928573
0.960523
0.826813
0.955642
0.884692
0.965416
0.955437
0.951028
0.960616
0.806449
0.867135
0.911842
0.958346
0.960701
0.967631
0.849402
0.830768
0.946597
0.88026
0.85206
0.891509
0.967631
0.94595
0.858111
0.948873
0.85206
0.891651
0.961131
0.947019
0.955953
0.8866
0.939268
0.934106
0.90536
0.80932
0.918587
0.933939
0.954715
0.836433
0.960312
0.961576
0.955748
0.959181
0.961391
0.961391
0.826927
0.96843
0.889089
0.905493
0.836439
0.721998
0.966689
0.826693
0.949707
0.880219
0.867135
0.946255
0.872674
0.927898
0.939647
0.918172
0.86722
0.86982
0.942188
0.85206
0.958346
0.919732
0.8856
0.931436
0.958346
0.939188
0.861508
0.945032
0.839839
0.90536
0.962108
0.857829
0.9641
0.857473
0.949644
0.934671
0.960514
0.850169
0.930423
0.891199
0.881858
0.907995
0.960679
0.918587
0.96469
0.961131
0.89101
0.969874
