2.90909
3.66061
4.41212
4.9697
5.79394
6.93333
8.21818
8.75152
9.01818
9.28485
10.5455
12.1697
13.5273
14.7394
15.8545
17.1152
17.4545
17.503
17.7939
19.6364
20.7515
21.5273
24.9697
26.6667
28.897
30.5455
33.4545
33.8424
35.297
35.5879
36.1697
36.1697
36.6545
36.8485
36.8485
36.8485
36.9455
37.0424
37.2364
38.4
39.5636
44.0242
44.9939
46.1576
48.4848
49.6485
51.7818
51.7818
51.7818
53.1394
54.303
55.8545
57.6
64.7758
70.0121
71.7576
71.7576
71.7576
72.1455
72.1455
72.1455
72.1455
72.1455
72.5333
73.697
73.697
73.697
73.697
73.697
73.697
73.697
73.697
75.2485
75.6364
75.6364
76.0242
77.5758
77.5758
79.5152
80.2909
80.2909
80.6788
85.3333
88.8242
88.8242
89.6
91.5394
93.0909
95.0303
99.6848
103.952
107.055
110.158
115.2
115.976
119.079
119.079
120.63
121.406
121.406
121.406
123.345
126.061
126.061
126.061
127.224
133.818
134.594
134.594
137.697
139.248
146.618
146.618
146.618
146.618
146.618
146.618
147.394
147.394
147.394
147.394
148.17
148.17
148.17
148.17
148.17
148.17
148.17
148.17
148.17
148.17
148.17
148.17
148.17
148.17
148.17
148.17
148.17
148.17
148.17
148.17
148.17
148.17
148.17
148.17
150.497
153.6
160.582
164.461
166.012
183.855
183.855
185.406
187.733
202.473
204.024
205.576
205.576
205.576
207.127
207.127
207.127
207.127
207.903
209.455
225.745
225.745
226.521
234.279
234.279
234.279
239.709
246.691
252.121
259.103
260.655
266.085
267.636
268.412
272.291
273.842
273.842
275.394
276.945
276.945
277.721
282.376
285.479
286.255
287.03
293.236
294.788
294.788
294.788
294.788
294.788
294.788
294.788
294.788
294.788
294.788
294.788
294.788
294.788
294.788
294.788
294.788
294.788
294.788
294.788
294.788
294.788
294.788
294.788
294.788
294.788
294.788
294.788
294.788
294.788
294.788
294.788
296.339
296.339
296.339
296.339
296.339
296.339
296.339
296.339
296.339
296.339
296.339
296.339
296.339
296.339
296.339
296.339
296.339
296.339
296.339
296.339
296.339
296.339
296.339
296.339
296.339
296.339
296.339
296.339
296.339
296.339
296.339
296.339
296.339
296.339
296.339
296.339
296.339
296.339
296.339
296.339
296.339
296.339
296.339
296.339
296.339
296.339
296.339
297.891
299.442
311.855
316.509
316.509
322.715
322.715
322.715
322.715
324.267
324.267
327.37
333.576
349.091
352.194
352.194
352.194
358.4
358.4
364.606
364.606
364.606
367.709
367.709
370.812
370.812
370.812
373.915
373.915
373.915
377.018
392.533
404.945
408.048
408.048
409.6
431.321
439.079
440.63
440.63
440.63
440.63
440.63
440.63
440.63
440.63
440.63
443.733
443.733
443.733
443.733
443.733
443.733
443.733
443.733
443.733
443.733
443.733
443.733
443.733
446.836
446.836
446.836
446.836
446.836
446.836
449.939
484.073
516.655
539.927
543.03
543.03
543.03
543.03
543.03
550.788
566.303
567.855
578.715
578.715
578.715
578.715
578.715
578.715
578.715
578.715
578.715
578.715
578.715
578.715
578.715
578.715
578.715
578.715
578.715
578.715
578.715
578.715
578.715
578.715
576.393
576.393
576.393
576.393
576.393
576.393
584.245
584.245
584.245
584.245
584.245
584.245
587.387
587.387
587.387
587.387
587.387
587.387
587.387
587.387
587.387
587.387
587.387
587.387
587.387
587.387
587.387
587.387
587.387
584.691
584.691
584.691
584.691
584.691
584.691
584.691
584.691
584.691
584.691
584.691
584.691
584.691
584.691
584.691
584.691
584.691
584.691
584.691
584.691
584.691
584.691
584.691
584.691
584.691
584.691
584.691
584.691
584.691
584.691
584.691
584.691
584.691
584.691
584.691
584.691
584.691
584.691
584.691
584.691
584.691
584.691
584.691
584.691
584.691
584.691
584.691
584.691
584.691
584.691
584.691
584.691
584.691
579.2
579.2
579.2
579.2
579.2
579.2
579.2
579.2
579.2
579.2
579.2
579.2
579.2
579.2
579.2
579.2
579.2
579.2
579.2
579.2
579.2
579.2
579.2
579.2
579.2
579.2
579.2
579.2
579.2
579.2
579.2
579.2
579.2
573.57
573.57
573.57
573.57
573.57
573.57
573.57
573.57
573.57
573.57
573.57
573.57
573.57
573.57
570.701
570.701
567.795
567.795
567.795
567.795
567.795
567.795
567.795
567.795
567.795
561.87
561.87
561.87
561.87
561.87
561.87
561.87
561.87
561.87
561.87
561.87
561.87
561.87
561.87
561.87
561.87
561.87
561.87
561.87
558.85
562.196
562.196
559.158
559.158
559.158
559.158
546.595
546.595
543.347
543.347
543.347
543.347
540.055
540.055
540.055
540.055
540.055
540.055
540.055
540.055
540.055
540.055
540.055
540.055
540.055
540.055
540.055
540.055
540.055
540.055
540.055
540.055
540.055
540.055
540.055
540.055
540.055
543.562
547.068
575.123
575.123
575.123
575.123
575.123
575.123
575.123
575.123
575.123
575.123
575.123
575.123
575.123
575.123
572.028
572.028
572.028
572.028
572.028
572.028
572.028
572.028
572.028
572.028
572.028
572.028
572.028
572.028
572.028
572.028
572.028
572.028
572.028
572.028
572.028
579.09
579.09
579.09
579.09
576
576
576
576
576
576
576
576
576
576
576
576
576
576
576
576
576
576
593.778
618.667
618.667
618.667
618.667
618.667
618.667
618.667
618.667
618.667
618.667
618.667
618.667
618.667
618.667
618.667
618.667
618.667
618.667
618.667
618.667
622.222
622.222
640.895
640.895
640.895
640.895
640.895
640.895
640.895
640.895
649.014
710.31
710.31
710.31
710.31
710.31
710.31
713.915
735.549
753.577
840.113
840.113
837.486
837.486
837.486
837.486
844.8
899.657
899.657
899.657
899.657
903.314
914.286
965.486
969.143
969.143
969.143
969.143
969.143
969.143
969.143
969.143
969.143
969.143
972.8
1024
1024
1024
1024
1024
1024
1024
1024
1024
1024
1024
1024
1024
1024
1024
1024
1024
1024
1024
1024
1024
1024
1024
1024
1024
1024
1024
1024
1024
1024
1024
1024
1024
1024
1024
1024
1024
1024
1024
1024
1024
1024
1024
1024
1024
1024
1024
1024
1024
1024
1024
1024
1024
1024
1024
1024
1024
1024
1024
1024
1024
1024
1024
1024
1024
1024
1024
1024
1024
1024
1024
1024
1024
1024
1024
1024
1024
1024
1024
1024
1024
1024
1024
1024
1024
1024
1024
1024
1024
1024
1024
1024
1024
1024
1024
1024
1024
1024
1024
1024
1024
1024
1024
1024
1024
1024
1024
1024
1024
1024
1024
1024
1024
1024
1024
1024
1024
1024
1024
1024
1024
1024
1024
1024
1024
1024
1024
1024
1024
1024
1024
1024
1024
1024
1024
1024
1024
1024
1024
1024
1024
1024
1024
1024
1024
1024
1024
1024
1024
1024
1024
1024
1024
1024
1024
1024
1024
1024
1024
1024
1024
1024
1024
1024
1024
1024
1024
1024
1024
1024
1024
1024
1024
1024
1024
1024
1024
1024
1024
1024
1024
1024
1024
1024
1024
1024
1024
1024
1024
1024
1024
1024
1024
1024
1024
1024
1024
1024
1024
1024
1024
1024
1024
1024
1024
1024
1024
1024
1024
1024
1024
1024
1024
1024
1024
1024
1024
1024
1024
1024
1024
1024
1024
1024
1024
1024
1024
1024
1024
1024
1024
1024
1024
1024
1024
1024
1024
1024
1024
1024
1024
1024
1024
1024
1024
1024
1024
1024
1024
1024
1024
1024
1024
1024
1024
1024
1024
1024
1024
1024
1024
1024
1024
1024
1024
1024
1024
1024
1024
1024
1024
1024
1024
1024
1024
1024
1024
1024
1024
1024
1024
1024
1024
1024
1024
1024
1024
1024
1024
1024
1024
1024
1024
1024
1024
1024
1024
1024
1024
1024
1024
1024
1024
1024
1024
1024
1024
1024
1024
1024
1024
1024
1024
1024
1024
1024
1024
1024
1024
1024
1024
1024
1024
1024
1024
1024
1024
1024
1024
1024
1024
1024
1024
1024
1024
1024
1024
1024
1024
1024
1024
1024
1024
1024
1024
1024
1024
1024
1024
1024
1024
1024
1024
1024
1024
1024
1024
1024
1024
1024
1024
1024
1024
1024
1024
1024
1024
1024
1024
1024
1024
1024
1024
1024
1024
1024
1024
1024
1024
1024
1024
1024
1024
1024
1024
1024
1024
1024
1024
1024
1024
1024
1024
1024
1024
1024
1024
1024
1024
1024
1024
1024
1024
1024
1024
1024
1024
1024
1024
1024
1024
1024
1024
1024
1024
1024
1024
1024
1024
1024
1024
1024
1024
1024
1024
1024
1024
1024
1024
1024
1024
1024
1024
1024
1024
1024
1024
1024
1024
1024
1024
1024
1024
1024
1024
1024
1024
1024
1024
1024
1024
1024
1024
1024
1024
1024
1024
1024
1024
1024
1024
1024
1024
1024
1024
1024
1024
1024
1024
1024
1024
1024
1024
1024
1024
1024
1024
1024
1024
1024
1024
1024
1024
1024
1024
1024
1024
1024
1024
1024
1024
1024
1024
1024
1024
1024
1024
1024
1024
1024
1024
1024
1024
1024
1024
1024
1024
1024
1024
1024
1024
1024
1024
1024
1024
1024
1024
1024
1024
