0.93617
2.74468
4.85106
7.76596
12.5957
16.1277
19.8936
23.8298
29.3617
34.4894
39.5957
46.4468
52.766
59.0426
64.0851
68.5319
73.6809
78.8511
85.4894
94.8298
105.34
118.723
125.043
131.638
142.596
151.851
161.447
169.638
177.511
186.489
196.532
205.128
209.617
215.447
220.596
231.851
244.745
255.191
278.319
289.766
298.362
308
319.511
331.064
346.319
354.511
367
379.723
391.745
407.83
415.723
428.17
440.043
452.17
457.213
462.149
468.553
475.213
489.638
501.043
507.979
514.149
519.255
526.17
530.553
538.362
544.596
555.191
562.574
567.745
579.66
590.553
599.574
605.915
614.872
621.787
635.66
642.149
651.106
665.234
676.957
690.213
707.021
716.553
724.043
738.787
767.255
784.979
830.915
848.128
871.723
881.298
895.319
909.043
921.064
939.766
951.191
970.936
988.957
1008.49
1023.94
1036.23
1060.23
1082.17
1090.83
1101.81
1108.17
1113.79
1121.64
1133.89
1138.68
1143.96
1157.17
1171.62
1192.17
1204.53
1214.21
1224.57
1230.02
1238.57
1245.3
1255.02
1268.55
1292.26
1302.62
1312.72
1323.96
1334.36
1341.51
1352.55
1363.28
1372.66
1386.66
1396.19
1399.53
1405.28
1411.6
1420.66
1429.28
1443.74
1452.94
1468.09
1486.51
1518.19
1560.64
1567.04
1587.26
1666.98
1683.7
1691.51
1702.79
1713.7
1730.57
1747.3
1751.64
1756.96
1763.13
1768.91
1774.36
1781.53
1792.68
1798.51
1810.02
1822.21
1842.09
1862.87
1906.64
1924.13
1942.09
1968.43
1995.7
2027.13
2077.66
2110.32
2138.68
2148.7
2160.87
2178.26
2195.09
2213.45
2220.83
2228.89
2240.51
2261.04
2271.96
2283.28
2299.64
2315.91
2333.74
2340.98
2356.62
2368.53
2385.72
2416.36
2435.3
2441.83
2449.28
2451.74
2456.89
2461.87
2477.53
2487.91
2515.21
2527.96
2551.83
2589.83
2632.6
2651.6
2666.19
2677.45
2691.81
2698.85
2706.66
2718.15
2723.45
2732.81
2743.49
2760.32
2776.81
2786.28
2796.49
2808.17
2818.45
2829.7
2837.09
2843.09
2850.74
2861.89
2877.13
2888.51
2901.83
2910.64
2916.77
2922.04
2934.15
2943.6
2951.53
2960.4
2973.96
2994.34
3016.23
3027.83
3040.7
3055.28
3074.72
3094
3112.49
3124.04
3138.17
3144.66
3152.26
3163.51
3169.6
3185.13
3219.81
3236.11
3241.77
3248.02
3265.53
3274.34
3284.34
3300.74
3313.04
3324.4
3336.66
3349
3366.28
3389.98
3428.57
3437.7
3450.09
3458.26
3468.47
3484.09
3510.55
3551.3
3567.04
3588
3680.13
3816.87
3838.83
3854.64
3874.6
3897.66
3910.91
3918.38
3925.7
3938.11
3951.6
3969.45
3984.47
4002.17
4032.53
4050.7
4076.36
4137.32
4187.79
4213.6
4225.87
4233.19
4249.6
4266.32
4275.19
4298.7
4320.79
4346.21
4376.43
4395.06
4411.4
4421.3
4457.79
4509.4
4525.87
4543.21
4547.04
4555.85
4567.53
4577.79
4583.72
4589.36
4600.02
4611.89
4620.81
4628.23
4639.09
4649.57
4661.15
4682.04
4690.32
4714.81
4748.7
4798.02
4816.51
4838.28
4861.51
4876.96
4906.6
4913.02
4921.15
4934.89
4961.36
4984.87
5011.21
5028.57
5054.3
5104.68
5113.17
5121.19
5128
5139.3
5148.87
5155.55
5160.98
5166.7
5173.17
5177.26
5186.96
5201.47
5214.6
5231.68
5246.72
5264.79
5279.62
5294.34
5311
5329.62
5338.68
5353.55
5361.6
5371.06
5382.91
5404.4
5429.45
5445.64
5495.57
5542.62
5550.98
5560.11
5572.17
5584.34
5599.68
5610
5617.06
5630.6
5635.72
5647.68
5668.04
5684.19
5726.36
5738.87
5748.28
5759.17
5770.53
5782.55
5799.85
5808.77
5818.55
5824.47
5835.17
5846.09
5858.83
5869.38
5878.26
5886.21
5903.79
5912.96
5937.15
5968.36
5979.02
6000.26
6030.34
6044.47
6052.57
6063.23
6068.3
6076.81
6087.3
6101.36
6107.13
6110.47
6117.51
6126.49
6141.28
6150.81
6157.87
6168.62
6183.09
6205.53
6215.62
6231.79
6248.72
6270.85
6300.55
6308.09
6315.72
6325.21
6335.74
6350.81
6368.4
6376
6385.47
6399.02
6417.72
6426.66
6429.53
6438.06
6446.81
6454.98
6462.66
6471.19
6482.34
6492.23
6503.87
6510.81
6519.68
6526.43
6531.3
6538.15
6545.64
6551.87
6565.34
6587.53
6605.72
6620.02
6642.57
6674.11
6677.98
6690.21
6705.98
6730.89
6745.77
6770.91
6828.19
6908.28
6921.53
6929.26
6939.04
6953.02
6978.4
7004.72
7011.45
7020.57
7035.32
7056.34
7085.74
7105.98
7181.83
7285.77
7298.81
7314.09
7327.66
7349.3
7377.34
7387.17
7398.04
7409.79
7420.21
7428.32
7440.43
7446.62
7456.3
7464.49
7480.09
7496.21
7516.23
7550.51
7557.13
7563.55
7574.17
7582.3
7589.28
7594.06
7599.13
7603.94
7609.72
7618.6
7629.47
7640
7652.94
7672.04
7689.7
7722.28
7782.45
7849.49
7864.83
7886.3
7894
7913.6
7939.15
7957.34
7974.13
7981.94
7992.57
8007.3
8023.62
8032.19
8045.04
8055.13
8059.38
8067.91
8076.81
8087.38
8090.91
8097.3
8102.94
8111.28
8122.7
8135.04
8155.38
8188.83
8250.72
8278.89
8343.21
8384.72
8446.68
8460.02
8472.6
8497.89
8502.6
8505.87
8515.28
8522.26
8532.28
8539.15
8551.66
8569.94
8588.53
8599.36
8614.87
8619.32
8625.28
8633.49
8640.87
8651.4
8662.51
8669.47
8674.23
8682.06
8696.94
8718.17
8727.06
8740.91
8767.34
8820.28
8922.11
8985.02
9219.3
9698.77
10195.7
10208.7
10248.5
10315.1
10396.4
10406.2
10415.3
10425.3
10434.8
10455.8
10473.5
10479.6
10494.6
10504.9
10524.1
10531.1
10540.2
10551.3
10561.7
10571.2
10575.9
10584
10593.8
10605.9
10609.6
10614.9
10620.5
10630.9
10638.1
10655
10661.9
10674
10690.3
10703
10712.8
10723.4
10754.6
10794.5
10811.1
10818.5
10828.9
10838.5
10844.9
10849.3
10853.5
10860.8
10870.2
10881.1
10900.8
10909.1
10917
10926.2
10935.8
10940
10944
10949.7
10956.8
10965.8
10980.2
10999.8
11013
11029.6
11041.6
11064.9
11081.4
11102.4
11128.8
11171.9
11175
11181
11194.5
11224.6
11257.4
11317.1
11349.1
11387.3
11410.2
11444.3
11471.3
11482.5
11505.4
11571.5
11602.9
11610.2
11619.1
11627.9
11641.8
11657.9
11662.1
11675
11688.7
11700.3
11707.7
11714.3
11717.6
11723.2
11736.3
11753.3
11769
11777.5
11793.7
11819.1
11825.2
11831
11844
11863.3
11890.4
11923.8
11934.4
11940.7
11947.8
11955.5
11969.1
11981.1
11994.3
12006.4
12013.3
12018.5
12026.3
12035.3
12043.9
12057.1
12074.4
12082.1
12101.8
12124.4
12143.3
12167.6
12209.9
12241.8
12256.5
12264.5
12276.1
12281.2
12286.1
12293.9
12304
12311.7
12322.3
12329.5
12339.2
12349.5
12370.9
12389.2
12399.6
12415.1
12417.9
12426.2
12434.4
12438.3
12443.2
12455
12471.9
12479
12490.9
12506.7
12532.8
12556.7
12587.8
12607.1
12683.1
12786.3
12790.1
12794.9
12799.8
12811.5
12828.5
12835.1
12843.7
12853.6
12864.3
12877.6
12883.5
12894
12902.7
12907.9
12916.7
12922.2
12935.1
12940.6
12946.9
12960.9
12971.1
12976.5
12984.9
13005.3
13025.6
13035.5
13047.2
13064.9
13117.8
13137.2
13194.9
13259.6
13277.8
13281.7
13303.2
13346.7
13354.3
13364.8
13381.7
13394.1
13415.9
13426.4
13437.6
13441.9
13451.2
13466.6
13494.5
13504.1
13520
13535.7
13561.7
13564.8
13568.4
13575.8
13585.9
13595.3
13609.1
13634.5
13653.3
13676.9
13715
13726.2
13753.4
13796.6
13805.3
13811.6
13816.4
13824.5
13834.3
13851
13861.7
13883.7
13894.5
13901.1
13908.4
13918.7
13929.9
13953.4
13968.5
14002.7
14020.4
14041.7
14053.8
14079.3
14119.4
14196.4
14336
14521.9
14532.6
14551.1
14558.2
14573.3
14597.1
14606.6
14619.5
14627.6
14639.7
14648.4
14655.8
14661.4
14671.3
14679.3
14689.1
14701.5
14708.1
14715.9
14729.1
14750.9
14763.6
14782.2
14790.8
14793.4
14798.7
14803
14810.3
14819.7
14832.5
14845.4
14878
14892.8
14901.5
14918.1
14931.4
14938.1
14956
14962.7
14975
14987.5
14993.2
14998.1
15007.4
15016.9
15027.4
15043
15046.4
15055
15065.7
15084.9
15112.2
15157.7
15237.1
15270.8
15277.1
15282.5
15289
15295.9
15305
15310.1
15315.7
15326
15341.4
15365.4
15408
15471
15487.8
15525.3
15546
15587.5
15643.7
15659.9
15699.9
15705.9
15726.2
15734.9
15741.3
15756.2
15778.9
15791.7
15812.2
15824.4
15836.6
15849.6
15858
15869.8
15875.2
15878.6
15882.3
15886.7
15890.1
15900.4
15920.6
15941.9
15968.6
15999.3
16010.2
16023.5
16037.8
16049.3
16075.7
16085.4
16109.4
16119.5
16131
16140
16145.6
16147.6
16152.9
16164.9
16176.1
16199.2
16228.4
16261.1
16312.1
16332.9
16340.8
16352.7
16368
16372.1
16376.9
16379
16384.7
16390.4
16398.2
16408.9
16416.7
16437.3
16472.3
16512.8
16584.3
16686.4
16697
16706.4
16713.4
16726.6
16746.6
16766.3
16787.4
16822.8
16872.7
16893.5
16904.4
16913.4
16924.1
16929.4
16937
16944.3
16948.9
16952.8
16957.8
16963.7
16969.7
16980
16990.2
16994.3
17001.1
17011.9
17025.1
17038.9
17064.5
17079
17083.3
17086.1
17092.4
17104.1
17115.7
17134
17138.5
17145.1
17152.3
17162.1
17171.3
17181
17192.7
17202.3
17231.4
17259.1
17267.7
17271.8
17279.2
17304.8
17313.4
17326.6
17335.4
17341.3
17349.5
17364.5
17370.9
17383.5
17405.7
17426
17446.5
17483.2
17545.9
17615.4
17754.5
17757.7
17762.7
17768.8
17778.1
17803.6
17814.7
17824.3
17840.5
17867.6
17923.8
18016.6
18189.3
18420.5
18442.5
18458.7
18479.6
18502.7
18509.3
18520
18529.3
18541.2
18566.6
18589.1
18616.7
18648.2
18660.6
18669.9
18678.5
18693
18752.5
18851.9
18872.3
18887.7
18893.1
18906.3
18921.2
18939.2
18970.8
19031.5
19124.4
19133.1
19140.9
19145.4
19149.3
19162.2
19170.7
19187.2
19205.5
19219.3
19224.4
19234.3
19247.1
19253.7
19257.6
19262.1
19271.8
19285
19303.9
19333.7
19373.5
19397.3
19476.6
19631.1
19850.4
19876
19923.4
19977.5
19986.6
19998.4
20017.3
20029.2
20050.1
20064.9
20079.2
20086.5
20094.6
20105.6
20109.3
20114.4
20124.5
20135.7
20149.8
20155.3
20163.3
20170
20175.6
20186.3
20200.6
20213.8
20226
20257.2
20297.1
20302.2
20311
20321.8
20335.7
20350.5
20360
20368.4
20382.7
20393.8
20411.3
20442.9
20470.2
20477
20489.2
20499.1
20505.6
20512.2
20518.5
20528
20546.9
20557.6
20564.3
20578.5
20591.5
20597.7
20603
20610.5
20617.9
20630.1
20647.9
20682.4
20695.7
20713.9
20736.7
20770.7
20826.7
20967.5
21027
21178.2
21255.1
21289.6
21301
21310.3
21323.8
21364.5
21417.8
21504
21516.8
21523.6
21532.7
21540.1
21555.1
21562.3
21576.9
21609.9
21629.3
21635.8
21642.1
21650.8
21657
21676.7
21712.9
21741.3
21752.4
21763
21781.6
21808
21846.3
21897.5
21931.8
22045.7
22077.9
22090.1
22111.4
22138
22142.6
22149
22183.6
22236.3
22246.2
22260.4
22279.5
22289.6
22300
22318
22325.3
22335.1
22340.6
22345.6
22350.1
22352.5
22355.5
22362.7
22376.1
22395.4
22411.2
22428.6
22441.6
22461.1
22489.6
22508.9
22578.2
22678.1
22690
22706.3
22720.7
22739.4
22750.1
22762
22777.4
22788.7
22801.3
22828.8
22839.6
22859
22875.3
22887
22902.8
22909.3
22911.6
22917.7
22927.9
22978.1
23074.1
23106
23135.8
23144.5
23154
23158.9
23164.4
23172.9
23180.2
23191.4
23202.7
23205.4
23209.9
23221.2
23232.9
23242.4
23254.9
23271.6
23277.3
23281.7
23292.1
23303.3
23310.2
23320.7
23328.8
23333.5
23338.4
23347.4
23362.1
23371.7
23378.6
23394.8
23410.1
23431.3
23471.4
23525.5
23534.7
23555.2
23578.8
23615
23624.6
23653.9
23734.3
23752.7
23768
23779
23784.1
23791.2
23802.9
23819.2
23843.4
23859
23882.4
23895.7
23916.3
23946
23962.4
23981
23989.9
24030.2
24040.2
24069.4
24109
24118.6
24205.1
24353.6
24364.3
24380.7
24392.6
24399.3
24417
24450.1
24458.9
24469.7
24486.5
24518.4
24571.3
24591
24601.8
24632.6
24652.6
24702
24722.5
24780.2
24788.3
24792.4
24797.4
24806.4
24813
24825.2
24830.3
24838.6
24855.5
24862.8
24876.1
24891.8
24914.8
24955.6
25025.5
25154.4
25350.6
25432.7
25932.4
26676
26684.4
26693.1
26707.3
26713.3
26720.2
26734.1
26745.8
26759.4
26775.4
26787.9
26806.8
26820
26834.3
26842.6
26853.1
26879.3
26900.4
26912
26929.1
26954.4
26956.7
26961.9
26968.8
26975
26979.2
26987.7
26998.3
27008.1
27022.5
27048.3
27065.3
27072.5
27080.7
27095.9
27113.5
27118.7
27126.7
27137.7
27150.9
27174.4
27202.3
27211
27217
27225.9
27237.5
27251.5
27270.4
27297.7
27305.1
27311.9
27322.5
27334.7
27343.5
27350.6
27355.2
27360.8
27369
27376.7
27387.1
27397.2
27419.1
27436.3
27493
27564.2
27662.2
27674.2
27688.5
27706.2
27721.6
27743.1
27751.7
27758.6
27785.8
27796.3
27801.5
27811.1
27825.5
27833.3
27846
27863.9
27885.5
27905.8
27914
27922.7
27931.1
27937.2
27941.3
27945.4
27949.6
27957.5
27964.6
27974
27992.4
28022.9
28076.3
28083.7
28091.2
28117.2
28132.3
28141.6
28152.7
28172.7
28207
28220.3
28230
28235.6
28245.1
28262.9
28280
28305.6
28323.6
28341.7
28351.4
28357.1
28367.7
28380.7
28388.7
28393.1
28398.6
28404.1
28410.1
28422
28431.8
28438.6
28446.6
28455.8
28468.5
28494.7
28536.7
28604
28609.3
28622.6
28637
28654.2
28666.9
28676.8
28690.9
28704.8
28711.3
28720
28729.2
28737.9
28743.8
28751.2
28755.9
28765.8
28780.3
28799.8
28832.7
28853.4
28882.2
28888.6
28901.4
28912.7
28927.4
28940.6
28951
28976.3
29000.5
29036.6
29043.8
29053.4
29068.5
29073.5
29078.4
29089.6
29100.6
29105.9
29118
29134.9
29151.3
29160
29165.8
29175.6
29190.6
29203.9
29215.4
29225.1
29230.9
29236.3
29244.8
29252.3
29259.9
29266.6
29276.8
29286.8
29300.3
29316.4
29343.6
29361.3
29384.6
29403.8
29413
29429.5
29461.4
29474.3
29491.4
29510.6
29531.2
29566
29655.6
29731.3
29873.3
30137.3
30509
30513.3
30518.5
30523
30536.3
30560.6
30569.3
30573.4
30579.5
30585.3
30609.9
30633.9
30647.4
30653
30670.4
30685.4
30720.8
30766.5
30845.2
30908.1
30922.1
30986.6
31008.2
31082.7
31210.5
31218.6
31230.2
31302.1
31395.6
31406
31414.1
31429.9
31452.3
31489.3
31529.1
31539.7
31554.7
31567.6
31572.2
31576.7
31580.6
31583.6
31590.3
31600.6
31609.2
31629
31647.7
31655.7
31666.8
31676.3
31682
31695
31698.9
31709.7
31724.6
31753.7
31793.6
31804.1
31809.3
31817.1
31829.1
31845.8
31864.2
31878
31907.8
31953.6
32023.5
32060.4
32071.2
32080.6
32094.4
32101.2
32111
32118.9
32125.4
32135
32151.7
32161
32178.5
32187.1
32195.1
32205
32220.4
32241
32247.8
32258.3
32271.1
32280.2
32284.5
32288.5
32291.9
32299
32319.1
32345
32366.8
32396.4
32405.3
32420.6
32427
32442.6
32452.4
32459.6
32465.2
32481.1
32493.6
32500.6
32520.7
32528
32537.9
32548.3
32564.1
32575.2
32599.7
32635.5
32656.3
32665.9
32681.7
32692.1
32704.8
32725.9
32742.2
32772
32786.7
32803.2
32813.3
32819
32825.9
32833.6
32841.4
32849.2
32860.1
32875.1
32905.3
32967.6
32994.8
33000.6
33021.9
33064.4
33122.4
33150.9
33257.8
33264
33270.8
33279.3
33292.7
33300.9
33315.4
33348.4
33401.4
33497.5
33612.2
33636.3
33643.9
33675.8
33684.6
33691.5
33695.3
33703.6
33715.9
33728
33736.5
33745
33754
33762.8
33771.9
33784.8
33799.7
33818.1
33828.9
33845.7
33874.5
33885.3
33891.1
33911.9
33924.9
33953.6
33960.3
33968
33974
33984.2
34002.6
34023.7
34031.4
34050.4
34056.7
34061.3
34067.4
34072.7
34081.9
34107.7
34122.1
34142.5
34170.8
34181.4
34192.9
34210.9
34221.8
34234.6
34240.1
34247.3
34258.5
34270
34279.1
34287.6
34296.8
34303.1
34313.9
34326.7
34333
34342.4
34351.8
34354.9
34361
34372
34378.7
34393
34408.3
34414.2
34423.4
34436.1
34456.4
34493.8
34548.6
34557.4
34565.7
34575
34585.6
34592.8
34603.4
34617.3
34637.2
34651.5
34655.7
34662.7
34670.4
34681.3
34691
34699.2
34709.9
34730.3
34735.7
34750.9
34757
34766.9
34781.2
34806.6
34833.6
34846.6
34903
34913.4
34926.7
34945.4
34973.8
35015.6
35081.3
35110
35142.5
35150.1
35161.8
35188.3
35061.3
35067
35086.2
35146.4
35154.9
35170.5
35196.1
35206.8
35222.4
35261.7
35270
35275.7
35284.3
35293
35303.3
35314.8
35324.9
35336.8
35354.5
35366.3
35376.3
35390.3
35403.2
35418.5
35423.9
35430.8
35438.3
35449.9
35469.6
35488.2
35496.5
35510.3
35524.9
35545
35577.3
35589.3
35610.6
35615.1
35627.9
35636.7
35642.9
35653.5
35661.9
35675.9
35708.2
35762.6
35792.2
35838.6
35863.7
35934.9
35953
35960.4
35968.3
35980.5
35990
35995.1
36004
36013.2
36023.7
36039
36064
36090.8
36119.5
36128.8
36139.6
36155.9
36161.1
36170.9
36176.7
36182.1
36189.6
36197.6
36212.1
36231.1
36238.3
36251
36104
36112.3
36127.9
36151.6
36170.9
36188.7
36195.3
36200.7
36206.1
36212.8
36216.8
36222.5
36231.3
36244.7
36271.5
36313.8
36390.8
36519.6
36706
36710.5
36720.8
36727.3
36739.2
36743.9
36754.4
36764.3
36774.5
36781.1
36789
36801.5
36812.4
36819.9
36829.5
36840.1
36860.4
36875.1
36900.8
36927.7
36984.5
37005.4
37027.9
37089
37152.5
37160.4
37168.2
37170.3
37175.3
37181.1
37195.8
37202
37211.7
37238.6
37247.3
37262
37271.8
37276.7
37283.7
37289.5
37299
37308.3
37312.8
37319.1
37329.4
37349.7
37374.9
37401.8
37437.5
37459.5
37488.8
37493.7
37501.7
37509.4
37520.8
37544
37549
37553.1
37561.9
37572.6
37584.5
37610.2
37630.1
37633.7
37652.9
37657.9
36917.6
36924
36932.5
36944.5
36951.7
36957.8
36969.9
36979.1
36991.9
37007.5
37011.9
37021.9
37067.3
37146.2
37262.4
37284.6
37291.6
37305.6
37312
37321.6
37327.5
37342.2
37364.3
37377.1
37387.6
37399.1
37412.2
37420.6
37432.3
37445.5
37459.8
37473.3
37488.1
37494.4
37505.5
37514.9
37519.8
37522.4
37529.4
37538.3
37551.9
37573.1
37580
37594.1
37618.4
37640
37651.2
37658.4
37669.3
37674.5
37685.9
37698.8
37708.6
37714
37721.9
37728.2
37740
37746.6
37757.8
37765.1
37769.9
37775.9
37780
37783.2
37788.2
37794.4
37805.7
37823.6
37848.2
37876.5
37881.6
37890.9
37907
37929.3
37951.1
38002.3
38051.6
38123.8
38178.4
38279.9
38373.6
38572.4
38942
39473
40013.3
40096.1
40127.1
40144.2
40184.7
39375.1
39609.1
39983.1
39991.1
40000.9
40014.3
40025.2
40030.4
40034.4
40036.2
40041.9
40050.6
40055.7
40065.4
40091.7
40181.6
40326.9
40608.4
41164.8
42227.9
43784.1
43793.8
43803.4
43810.4
43825.5
43836.3
43859.9
43880.2
43884.5
43888.8
43896.6
43899.8
43910.3
43923.6
43935.6
43958.9
43989.9
43994.5
43998.2
44005.5
44012.4
44018.6
44027.1
44041.8
44051.5
44061.1
44069.6
44074.9
44080.6
44086.9
44106.1
44157.9
44249.9
44301.1
44312.2
44322.2
44327.1
44335
44345.9
44361.8
44373.4
44384.5
44436.7
44514.4
44657.3
44664.2
44680.3
44691.6
44703.7
44737.7
44795.6
44867
44878.7
44891.2
44927.6
44960.5
44977
45043.2
45055.1
45072.4
45078.6
45086.7
45092.4
45097.8
45102.9
45104.9
45109
45119.6
45128.1
45136
45141.5
45150.3
45162.8
45180.8
45191.1
45200.1
45259.5
45366.3
45370.2
45379.7
45384.9
45392.9
45398.2
45403.4
45414.9
45430
45457.6
45475.3
45487.5
45524.2
45535.5
45542.9
45547.4
45554.9
45565.2
45570.1
45574.8
45579.8
45584
45590.9
45603.1
45615.3
45630.8
45648.8
45666.6
45677.1
45680.7
45686.9
45692.4
45703.4
45716.9
45726.2
45740
45764.2
45772.8
45788.7
45810.6
45823.3
45870.6
45884.5
45900
45923.9
45971.1
46008.4
46080.6
46188.9
46199
46206.4
46215.3
46224.9
46239.2
46262.3
46272
46279.7
46285.6
46294.1
46313.6
46327.8
46334.5
46343.7
46354
46359.2
46366.3
46371.5
46394.9
46405.5
46410.8
46416.7
46424.6
46436.9
46448
46461.3
46470.6
46480.1
46494.6
46515.1
46544
46550.4
46554.7
46561.7
46573.1
46585.1
46607.3
46623.7
46653.6
46672.7
46700.3
46709.9
46715.7
46723.8
46741.5
46758.9
46767.3
46771.5
46781.7
46791.8
46804
46829.4
46837.9
46847.6
46856.4
46863.6
46881.9
46895.5
46905.2
46911
46916.4
46921.6
46935.7
46958.6
46996.6
47052
47059.5
47070.6
47085.7
47095.2
47108.7
47119.1
47133.5
47138.3
47140.5
47144.8
47150.5
47157
47164.5
47173.8
47188.2
47210
47219.4
47227.3
47234.8
47255.4
47270.1
47273.9
47277.7
47282.1
47283.7
47286.9
47290.7
47303.9
47314.8
47320.4
47334.6
47341.8
47353.2
47380.2
47416.1
47431.3
47496.9
47605.9
47621.4
47637.2
47679.8
47690.8
47702.2
47717.8
47724.5
47732.5
47736.9
47745
47755.6
47765
47783.1
47805
47814.9
47827.4
47836.5
47851.6
47853.9
47858.4
47865
47872.4
47880.9
47898
47917
47926.1
47930
47938
47951.1
47979.2
48036
48121.5
48238.7
48262.6
48281
48294
48311.6
48325.1
48334.4
48345.1
48353.7
48373.6
48407.2
48460
48465.3
48475.7
48481.2
48491.1
48497.9
48504.8
48511.9
48528.8
48551.8
48577.3
48579.9
48586.1
48593.7
48598.3
48605.9
48615
48627.7
48634.3
48651.9
48680.9
48702
48726.6
48741.7
48747.8
48750.5
48754
48767.4
48789.9
48828.4
48834.6
48843
48868.5
48876.7
48884.8
48930.7
48942.9
48952.3
48960.9
48973.1
48977.8
48984.5
48994
49007.4
49014.3
49019.8
49024.8
49033.5
49038.8
49045.6
49051.9
49062.8
49074.4
49089
49132
49154.2
49186.5
49205.1
49364.9
49867
49873.4
49886.2
49898.5
49910.6
49916.2
49925.9
49940.9
49960.5
49967
49972.5
49985.2
50000.8
50004.7
50009.6
50012.7
50016
50020.5
50028.5
50035.5
50045.9
50062.6
50088.9
50114.8
50157.5
50188.7
50204.3
50213.5
50223.4
50228.3
50235.2
50239.5
50247.4
50260.9
50280
50284.9
50294.1
50301.2
50306.1
50313.2
50325.7
50342
50347.6
50352.7
50366.4
50382.4
50419.2
50466.4
50568.2
50702.1
50903.7
50908.6
50912.9
50917.8
50927.8
50944.2
50968.9
51006.5
51014.5
51031.7
51052.2
51084.2
51094.8
51098.8
51110.7
51122.8
51145.6
51175.3
51188.8
51200
51218.7
51248.9
51255.3
51261.5
51269.6
51282.5
51290.2
51293.5
51297.9
51303.4
51311.5
51328.2
51358.2
51408.9
51473.9
51497.6
51517.9
51522.6
51530.4
51544.3
51558.8
51565.3
51570.4
51574.5
51580.9
51590.1
51600.3
51605.9
51615.7
51636.1
51642.1
51652.9
51663.2
51675.7
51695.6
51706.8
51712.9
51719.1
51725.1
51729.5
51735.4
51746.7
51756.9
51769.8
51778.2
51787.5
51796.2
51813.5
51817.6
51823.4
51832.9
51851.7
51875.6
51910.7
51921.9
51929.7
51932.7
51939.3
51945.4
51948.7
51955.8
51961.3
51971.1
51976.9
51985
51996.2
52004
52016
52025.8
52037.9
52056.3
52066.6
52071.8
52080.6
52086.7
52094
52105.9
52109.1
52112.3
52120
52141.7
52157.4
52187.3
52231.5
52300.3
52400.6
52407.1
52419.2
52434.8
52460.2
52472.8
52478.9
52498.9
52524.9
52556
52580
52606.5
52654.9
52745.3
52812.8
52818.9
52825.5
52829.8
52834.8
52845.5
52850.7
52857.9
52866.5
52870.6
52879.3
52887.2
52901.7
52917.4
52920.1
52928
52932.5
52940.6
52961.7
52972.5
52989
53032.9
53040.1
53050.2
53062.3
53081.9
53090
53112.5
53142.2
53175.4
53183.3
53191.6
53204.5
53218.6
53222.7
53227.8
53237.9
53253.3
53277.1
53319.5
53392.2
53504.3
53549.2
53757.2
53766.6
53787.1
53825.7
53852.4
53869.4
53921
53933.9
53955.5
53988.5
54034
54121.3
54244.8
54255.1
54264
54276.8
54293
54303.2
54323.1
54331.1
54344.6
54349.8
54357
54358.1
54362.2
54379.4
54391.4
54398.2
54405.7
54409.9
54414.4
54422.4
54434.7
54460.4
54492.3
54505.4
54514.9
54526.8
54533.4
54545.2
54571.7
54583.7
54588.9
54597.4
54605.8
54616.6
54621.2
54625.4
54631.9
54641.3
54652.4
54657.4
54670.2
54684.5
54702.6
54709.2
54715.8
54721.9
54729.6
54738.8
54744.7
54753.6
54766.6
54782.7
54804.1
54833.8
54873.5
54919.5
54926.3
54940.2
54964.1
54969.8
54974.6
54981.6
54985.5
55000.3
55005.6
55014.5
55030
55050.9
55079.5
55132.3
55167.2
55175.5
55190.9
55252.2
55266.7
55276.5
55279.9
55288
55298.7
55309.2
55328
55347.2
55356.2
55362.2
55369.5
55375.4
55384
55392.3
55396.5
55406.7
55428.3
55435.9
55439.2
55444.1
55449.6
55461.2
55474.7
55485.7
55503.9
55523
55557.5
55559.9
55572.5
55592.5
55614.8
55647.3
55652
55657.9
55662.7
55667
55671.5
55678.4
55690.9
55707.8
55719.2
55730.4
55737.4
55751.1
55769.4
55783
55805.8
55819.5
55826
55836.9
55843
55848.8
55857.6
55870.2
55890
55920.8
55931.5
55938.4
55950.6
55962.9
55972.6
55978
55981.8
55986.4
55995.5
56005.5
56012.2
56018.7
56024
56030.4
56049.3
56191
56228.1
56274.6
56359.5
56466.8
56473.8
56484.4
56504.7
56509.7
56517.6
56523.8
56530.6
56542.9
56547.4
56550.9
56554.8
56559.5
56567.7
56575.6
56596.5
56606.9
56628.1
56632
56638.3
56646.7
56655.1
56661
56666
56675.3
56689.3
56707
56716.2
56731.4
56748.5
56770.7
56787.5
56842.6
56924.1
56927.8
56936.3
56953.1
56975.2
57011.3
57021.2
57043.9
57097.8
57112.6
57119.9
57126.9
57144.6
57148.6
57152.7
57155.4
57161.1
57176.6
57185.3
57194.2
57207.5
57214.6
57221.7
57226.2
57230.8
57238.7
57251.1
57267.7
57277.4
57285.6
57289.4
57242.7
57257.4
57269.1
57275.9
57283
57290.8
57296.4
57307.6
57314.3
57322.5
57336.6
57363.4
57413
57483.4
57497.2
57507.8
57513.3
57521.1
57533.8
57536.5
57538.8
57544.2
57552.7
57558
57564
57574.6
57594
57631.1
57679
57768.3
57892.7
57910.5
57929
57937
57970.3
57973.5
57975.4
57979
57984.7
57989.4
58009.8
58076.3
58090.2
58093.5
58099.8
58110.6
58117.7
58129.9
58156.1
58168.2
58180.1
58188.8
58196.9
58201.2
58204.5
58208.7
58214.8
58227.5
58254.1
58280.3
58322
58335.1
58340.6
58345.6
58353.2
58364.1
58381.2
58390.4
58399
58412.8
58426.2
58444.3
58469.1
58483.4
58502.7
58510
58515.6
58521.1
58527.5
58534.9
58547.9
58551.8
58558.7
58564.4
58572.1
58580.6
58585.4
58590
58596
58603.1
58617.1
58640.4
58677.6
58699.6
58708.4
58715.7
58723.7
58735.1
58739.8
58748.1
58763.2
58790.2
58821.8
58826.7
58835.6
58848.5
58861.5
58920.2
59571.7
59594.6
59605.2
59608.3
59614.1
59618.8
59625.4
59629.9
59634.5
59644.2
59657.8
59678.4
59694.4
59697.7
59706
59710.9
59718.9
59732.1
59755.5
59762.1
59768.6
59773.3
59790.5
59813.2
59826.9
59870.1
59877.4
59888
59892.4
59896.7
59901.1
59906.5
59920.1
59934.4
59954.4
59986.9
60027.7
60037.4
60049.9
60059.2
60072.6
60082.6
60085.9
60091.1
60095.4
60101.5
60116.7
60135.9
60163.2
60193.6
60280.1
60298.6
60322.8
60328.7
60339.8
60350.1
60368.4
60396.9
60415.1
60458.3
60461.5
60467.9
60471.8
60477.2
60482.3
60492.6
60503.9
60510.6
60516.6
60524.5
60545.8
60555.6
60571.3
60579.5
60612.1
60658.9
60664.5
60669.2
60676.8
60685.1
60690.1
60700.4
60716.9
60734.6
60738.1
60742.8
61196.6
61206.1
61212.8
61226.8
61236.4
61264.2
61274.2
61289.2
61297.4
61308.1
61314.8
61326.4
61343.6
61354.6
61358.8
61367.4
61376.1
61384.2
61395.1
61412.7
61438
61441.7
61446.6
61455.4
61466.7
61486.6
61521.7
61565.8
61577.8
61663.5
61830.9
62162.1
62690.4
62696.1
62707.4
62731.5
62775.4
62812.6
62816.4
62821.1
62830.4
62842.9
62859.5
62871.7
62879.2
62888.7
62899.3
62922
62929.1
62941.6
62958.4
62993.2
63057.6
63136.8
63138.6
63142.9
63151.4
63161.8
63179.4
63184.9
63190.6
63197.9
63207.3
63213.1
63383.9
63388.1
63400.1
63414
63425.5
63438.9
63462.7
63479.2
63488.4
63498.9
63506.7
63508.8
63514.5
63521.5
63527.3
63537.3
63557.5
63583.2
63590.1
63599.9
63612.5
63617.8
63627.6
63630.4
63637.8
63644.9
63650.1
63656.7
63664.8
63674.1
63679.8
63686.7
63690.4
63695.1
63700.4
63709.7
63720.5
63738.7
63746.9
63755.2
63773.3
63799.7
63809.3
63935.8
63971.5
63975.3
63983.3
63992.5
64014.5
64035.4
64074.4
64142.1
64258
64521.2
65049
65790.9
65806.9
65821.1
65830.1
65833
65854.6
65887.5
65902.1
65910
65939.7
65948.3
65973.1
65986.4
65986.9
65989.7
65999.8
66003.1
66005.9
66014
66026
66031.8
66047.8
66059.8
66079.5
66083.9
66086.3
66087.8
66091.2
66101.4
66104.6
66108.9
66114.5
66122.3
66138
66144.8
66147.4
66151.7
66154.3
66162
66173.1
66180.5
66190.5
66207.5
66217.3
66226.4
66237.6
66253.1
66276.1
66291.1
66326.7
66362.3
66422.9
66506.3
66519.6
66526.7
66533
66542.1
66548
66558.9
66572.1
66584.4
66609.1
66612.7
66617.3
66625.5
66649.5
66662.4
66673.3
66684.7
66698.4
66705.7
66716.4
66722.5
66730.7
66738.6
66759.2
66767.2
66792
66802
66808.4
66819.1
66822.8
66829.8
66836.7
66845.4
66848
66853.6
66868.4
66889.5
66909.7
66944.4
67015.2
67110.9
67115.8
67121.2
67123
67130.3
67135.9
67152
67168.6
67181.7
67196.1
67206.7
67249.7
67310.8
67380.3
67388.5
67411.5
67428.2
67433.3
67434.3
67437.7
67445.4
67470.5
67484.1
67498
67520.8
67526.9
67534.2
67536.8
67539.4
67542.3
67547.3
67556
67566.6
67575.2
67583.9
67599.5
67604.1
67605.8
67608.5
67615.8
67628.5
67633.5
67640.9
67649.8
67655
67656.3
67661.1
67667.4
67681.7
67702.4
67728.1
67768.6
67826.2
67831.8
67860.7
67907.5
67914.3
67918.9
67926.2
67927
67930.5
67941.7
67957
67968.5
67980.5
67981.7
67986.9
68000.6
68055.1
68062.4
68081.7
68085.7
68090.8
68093.5
68098.2
68101.8
68167.2
68281.1
68301.8
68309.1
68324.3
68356.7
68417.6
68518.3
68610.6
68619.1
68623.3
68628.5
68631.4
68636.5
68642.6
68654.5
68663.7
68682.6
68707.9
68720.8
68774.7
68791.4
68806.6
68811.9
68830.7
68873
68877.4
68886.5
68899.2
68903.2
68921.3
68952
68959.3
68962.8
68972.9
68978.7
68987.5
68992.9
68994.9
68994.9
68996.4
68999
68958
68965.3
68972.7
68979.7
68981.3
68986.7
68996.7
69000
69003.3
69003.7
69005.3
69010.7
69020.7
69034.3
69056.3
69057.7
69069
69074
69082.7
69098.7
69112
69118
69122
69124
69128.7
69138.3
69158
69187.7
69191
69192.3
69193.3
69198.3
69205.7
69219.3
69283.7
69285.3
69290.3
69298
69314
69336
69339.7
69342.7
69345
69354
69362.3
69374
69398.7
69428
69448.3
69486
69541
69652
69823.7
69826.7
69828.3
69876
70224.7
70231.3
70243.7
70261.3
70266.3
70272.7
70275.7
70278.7
70285.7
70302.7
70311.7
70316
70330.7
70337.7
70343.3
70377
70389.7
70394.7
70398
70403.7
70407.3
70414.7
70421
70427.3
70442.7
70475.3
70531.7
70602
70647.7
70649.3
70665.3
70780.7
70951.7
70956.3
70972.7
70974.3
70979.7
70988.7
70989.7
70992.3
70992.3
70993
70998.3
71011.7
71028.3
71037.7
71049
71055
71077
71082
71092
71101.3
71119
71132.3
71133.7
71138.7
71139.3
71140
71145
71154
71163.3
71177.3
71177.7
71180.7
71187.3
71205.7
71248.7
71299.7
71303.3
71313.3
71326
71330
71331.7
71333.3
71338.3
71346.7
71358.3
71374.7
71375.7
71378.7
71380
71385.7
71419.7
71429
71432.3
71441
71452.7
71483.3
71515.7
71517.7
71522.3
71526.7
71565
71609.3
71614
71620
71634.7
71726
71744.7
71747.7
71749
71753.7
71762.3
71771.3
71779.3
71779.7
71783.3
71791.3
71804
71808.7
71818
71824
71859.3
71861.7
71866.7
71870.7
71879.3
71880
71884.3
71888
71896
71907.3
71922.7
71929.7
71932.7
71954.3
71983.3
72038
72040
72044.7
72052.7
72057
72069.3
72075.3
72081.7
72083
72085
72089.3
72098.3
72108
72122.3
72146.7
72148
72150
72156
72162
72172.3
72178.7
72182
72189
72201.3
72207.3
72215
72222.7
72226.7
72238
72242.7
72250
72254
72261
72268.7
72295.7
72346.7
72445.3
72626.7
72739
72956
73301.3
73395.3
74084
74088.7
74095.7
74098.3
74100.7
74118
74124.7
74148
74154.7
74168.7
74179.7
74183
74189
74191
74193.3
74200.3
74208.7
74224.7
74230.3
74242.3
74259.3
74263
74268.7
74270
74275.7
74278.7
74280
74281.7
74284.7
74304
74307.3
74308
74314.3
74317
74321.7
74331.3
74358.3
74391.7
74445.7
74456.7
74458.7
74470
74476.7
74500
74504.3
74511.3
74517
74523.3
74531
74542.7
74546.7
74552.3
74559.3
74565
74571.3
74586
74614.7
74641
74655.3
74661.3
74662
74665.7
74667.3
74671.7
74674.3
74681.3
74690.7
74700.7
74714.3
74737
74745.3
74800.3
74806.3
74816
74830.7
74856.7
74865.3
74871.3
74871.7
74872.7
74876
74880
74887
74901.3
74904
74908.3
74915.3
74920.7
74926.3
74940.7
74962.3
74996.7
75000.3
75003
75008
75014.3
75021
75023.7
75032.7
75036
75043
75055.3
75061.3
75071
75084.3
75099.7
75124.7
75127.3
75127.7
75129.7
75135
75141
75152.7
75227.3
75316
75320
75322
75326.7
75336
75340
75359
75392
75422
75513.3
75583.3
75671.3
75671.3
75671.7
75674.7
75677.3
75696
75714.7
75740
75751.3
75752
75755.3
75756
75761
75770.7
75773.7
75790.3
75800
75812
75816.3
75820.7
75822
75827.7
75830.7
75832.3
75837
75844.3
75853
75881.3
75922.7
75965.7
75969.7
75979.3
75986.7
76000
76022
76026.3
76031
76040
76050.3
76056.7
76059.3
76060
76064.7
76075.3
76088.7
76094.7
76104
76107.3
76116.7
76128
76132
76134.7
76145
76161
76188.3
76232.7
76247.3
76343.3
76378.7
76557.7
76559.3
76563.7
76565
76569
76572
76581
76599.3
76634.3
76657.7
76663
76668.7
76674.3
76697.7
76707.3
76722.7
76733.3
76734.3
76737
76741.7
76750.7
76762
76769.3
76789.3
76806.3
76808.7
76811.3
76812
76817
76826.3
76832.3
76832.7
76837.3
76851.7
76853.3
76858
76863.7
76870.3
76901.7
76910
76925.3
76986.3
76990.3
76991
76998.3
77026.7
77028.7
77040.3
77047.7
77056
77061.7
77063.3
77071.3
77297.1
77867.1
77903.6
77968
77971.6
77971.6
77972
77975.6
77976
77980
77984.9
77996.4
78005.3
78020
78024
78028.4
78037.3
78055.6
78088.9
78099.6
78100
78103.6
78104.4
78113.8
78132
78135.6
78135.6
78136.4
78144
78148
78151.6
78151.6
78152.9
78165.8
78187.1
78216
78220.4
78228
78231.6
78240
78323.6
78480.4
78712
78715.6
78715.6
78716
78721.3
78736
78741.3
78755.6
78755.6
78755.6
78756
78760
78768.4
78808
78811.6
78812.4
78820
78825.8
78843.6
78843.6
78844.9
78856
78860.4
78868
78872.4
78881.3
78896
78900
78904.9
78915.6
78917.3
78935.1
78963.6
78964
78967.6
78975.6
79040.9
79051.6
79051.6
79051.6
79052
79056.9
79069.3
79140.9
79604
79640
79643.6
79644
79648.4
79657.3
79672
79675.6
79676
79680.4
79688
79692.4
79699.6
79700
79704
79708
79712.4
79721.3
79736
79740
