18.5404
18.8752
17.9248
18.4306
17.4691
16.946
15.8554
16.7604
16.3007
14.745
15.824
16.2441
15.9557
15.4429
14.9602
15.3304
13.1801
13.7354
13.6312
14.069
13.5366
12.3973
11.7159
10.7153
11.816
12.3547
12.2266
12.1418
12.7236
11.7981
11.1007
10.9169
11.0201
12.0193
10.3318
11.0414
11.6795
10.6462
10.7636
9.61129
11.2092
10.8795
10.4905
10.337
10.5077
9.40714
9.47511
10.5263
10.1911
10.5532
10.2406
9.50814
11.0861
10.0569
9.12055
7.93306
7.80044
9.45708
9.29674
10.9296
10.1909
10.466
8.50854
9.4683
9.70446
8.93966
7.47454
8.39532
9.17082
8.34514
7.33
9.71301
9.94149
8.42829
8.82226
8.52369
7.86944
5.59963
7.08279
7.15003
6.11514
7.24055
8.53386
7.4707
6.86192
7.14076
6.51099
5.97365
7.29294
6.58143
6.75785
4.97445
4.98959
6.7417
6.99317
6.76757
6.28375
8.0095
9.2817
9.06948
9.15902
9.85074
10.0199
9.84164
8.49409
8.23253
9.0464
8.94751
8.80317
9.31256
8.83709
7.93813
8.23924
8.03951
8.82271
9.67295
8.59567
9.66724
8.17269
8.97418
8.32098
7.73874
8.38133
8.62259
9.60264
11.0636
9.34513
9.0717
8.40728
8.79189
8.61218
8.63215
9.36989
8.47764
7.69759
8.06022
8.30119
8.17851
7.32704
8.20652
8.0033
8.2392
8.18855
8.20355
8.6704
7.54931
7.39034
7.93484
7.80954
8.59373
9.53184
9.43648
9.07332
8.62414
7.76866
7.91116
9.18015
7.10476
7.28688
7.06016
8.44555
6.30056
7.57358
6.94079
6.91834
7.74313
9.25392
7.49402
8.76742
9.59858
8.69072
9.00669
9.37225
9.40915
8.38754
8.7627
6.94312
9.04506
9.15627
8.16888
7.27643
8.0774
8.8253
8.87113
7.8949
7.4656
7.87825
7.01722
7.13457
6.81315
7.11919
7.83543
7.70127
6.9621
9.58581
7.90619
8.09916
7.72949
7.93376
6.33142
7.13484
7.56633
7.95479
7.39202
7.9515
8.28917
8.87905
8.6712
6.67801
6.69613
7.49177
8.51803
7.67879
7.37373
6.70991
7.17017
7.11894
6.65094
7.73689
7.47454
6.88747
7.31718
7.50563
8.22699
7.23539
7.16392
6.1309
6.71243
6.44572
7.00826
7.28389
7.73541
6.87939
6.43423
6.66722
6.38053
8.21533
7.81029
7.69213
7.03402
6.51041
7.35537
7.81748
7.06035
8.43971
8.39196
8.55702
8.06207
7.86229
8.09571
6.77288
7.29508
7.26425
6.41094
8.7854
8.44419
6.34539
5.98997
6.61845
5.71497
7.11741
6.08638
5.42799
7.60585
7.03264
7.46393
7.35663
6.87267
8.19555
7.39615
7.49569
6.88332
7.33288
7.70265
9.16777
7.88338
6.63497
6.34469
6.48037
7.38029
8.65826
7.53129
6.7608
8.28084
8.61216
7.47325
7.52904
5.17856
4.89061
6.03427
7.15256
7.05686
7.44289
7.49348
7.82041
7.80346
9.22322
9.91329
9.05637
9.55531
9.82995
8.95905
6.41005
7.51799
6.93592
5.94688
5.84696
5.91594
7.77243
7.92164
7.99306
7.36309
8.45819
8.32065
9.35844
8.12523
7.18572
7.78844
8.27867
7.21453
7.16153
8.52905
9.3794
8.9129
7.40333
8.77384
5.62119
5.54351
6.34643
5.93952
7.57675
7.17928
7.8504
7.73475
8.4289
6.37744
8.15167
7.55541
8.7405
7.81826
7.05648
9.07196
9.01433
8.80761
8.83821
6.89566
6.36123
6.46567
7.52621
8.38468
8.04494
7.44424
6.03161
4.61115
6.18445
4.27099
6.19723
3.91854
5.94411
5.61743
6.05379
6.90374
6.98759
6.62226
8.3937
6.44211
5.81195
5.18904
4.71329
5.2042
6.09274
6.21369
7.70015
7.61997
7.72061
6.31952
7.20309
7.96143
6.28244
6.3151
7.28054
7.01694
7.40351
7.64415
5.60817
5.50333
6.35699
7.04763
8.19859
7.74415
7.31058
7.20442
8.96672
8.91739
8.95594
8.67364
6.87615
6.68872
5.37443
6.89017
3.27904
4.29288
4.52833
7.52441
6.43343
6.03536
7.49516
6.22992
7.05322
5.92148
6.28279
6.63268
8.39451
7.78746
7.21598
7.05917
7.30143
6.72803
4.90396
4.79303
4.17222
4.2581
5.74124
7.06476
6.15059
5.77387
5.66832
5.87049
5.78916
6.21083
6.89612
6.07332
4.4943
5.1851
6.10033
5.69415
5.15727
6.93318
6.1628
6.19352
5.75281
6.94696
7.03377
6.73063
6.31553
6.15797
4.96734
6.08383
5.30082
5.70752
4.9221
5.17796
7.03763
6.86301
6.5433
6.99832
6.36068
6.36432
5.63581
3.66061
5.04328
6.83999
4.74934
5.72823
4.73416
6.14457
5.42595
4.48289
4.81725
6.56341
5.64044
6.86616
6.53967
6.47486
6.36778
6.00434
4.86193
5.28975
7.11624
4.93097
4.51472
3.49717
5.67678
5.63645
6.78454
6.93165
6.81826
6.21141
7.79678
7.45035
6.82714
7.3889
7.3463
7.33818
6.74658
7.17675
6.86933
6.1379
6.35858
7.37021
7.00673
5.94835
6.86589
7.02942
6.5952
8.24493
10.5158
8.23617
8.72269
6.73537
6.91912
6.19965
7.48808
6.74491
5.54752
5.97027
7.33284
6.17097
5.07527
5.63168
7.14044
6.92807
9.26699
9.17558
7.6103
8.02226
5.53138
6.20975
7.04463
8.4338
8.96253
7.71016
8.11911
7.45856
8.10599
8.81349
9.26628
8.24653
7.85266
6.12462
6.69992
6.17061
6.01047
6.64198
5.95297
6.19624
6.51987
6.48366
7.41969
5.11716
5.5781
8.08433
8.23916
8.13359
7.30154
6.37172
8.30062
7.90274
7.28095
5.89866
5.52084
7.87219
7.65375
6.97763
9.48208
10.0462
7.75625
5.80954
6.40466
7.05232
6.8445
5.49968
8.48784
9.87493
8.20062
6.53205
5.43418
4.05848
4.89103
4.03301
4.04005
5.1882
5.90027
9.2718
10.3658
9.95688
9.85514
11.3721
11.0747
11.7846
11.2416
10.7892
8.87432
10.3253
8.92093
6.98405
6.077
6.94957
7.06878
6.6731
3.61725
4.13284
6.73377
9.45688
8.3704
7.6575
8.87982
8.49759
7.61239
9.36976
7.21921
8.0408
6.68757
5.66818
6.81383
6.99675
6.12965
6.45951
6.7328
5.33324
5.87594
5.62791
7.66736
6.65174
8.33859
8.17829
9.35653
10.0765
7.68094
8.29538
8.38424
8.51816
5.3986
7.62034
8.34323
8.38051
8.33872
7.83253
8.20643
5.61472
6.80448
7.686
6.9364
6.7065
3.64874
5.82499
6.02536
8.03784
7.40492
8.99138
8.30719
6.63733
5.06673
7.26461
7.22821
7.52534
8.48705
7.36878
6.21143
6.48385
8.16462
8.0447
7.55668
8.64816
7.84656
3.95979
4.17071
6.24562
6.2291
6.57036
6.55718
6.60571
7.33389
8.04505
7.98444
8.69006
6.1606
7.62532
7.25553
8.65485
8.90248
8.59904
7.36028
6.90108
3.96552
6.39855
6.51442
7.59972
8.76265
6.58452
6.49747
6.68058
7.33149
7.7872
8.14682
8.27307
7.20036
7.72856
6.23109
6.81859
6.32789
7.52969
7.00542
6.62432
6.96217
6.75668
6.13433
5.62051
7.20576
6.80411
7.34354
8.77727
8.34108
8.06729
7.11404
6.72549
8.27594
6.10742
5.60458
7.8032
6.64226
5.70206
5.27293
4.40475
4.47831
4.94284
5.56108
5.07433
2.92191
2.99484
5.66864
6.56105
7.11216
7.38017
6.28886
4.24011
5.52535
5.32106
4.58204
4.50515
7.42615
5.38848
5.62411
5.13453
8.16809
6.91279
7.48417
7.48701
7.70246
6.77451
7.08867
6.67564
7.32337
7.15616
8.56747
8.16253
6.87856
4.46816
5.13122
6.07968
6.21443
5.62202
5.72317
5.81755
6.22607
5.1803
5.26936
6.69696
4.62901
6.52462
5.47264
5.69974
5.03222
4.57265
5.53677
5.05748
6.66058
5.09494
5.30276
7.09651
8.84886
8.60798
8.51961
4.82326
7.10755
6.97835
4.89704
7.24756
6.2105
8.91637
8.27423
8.09321
8.89621
7.42
5.45863
6.1235
5.0148
3.17404
5.32196
8.20199
7.0289
5.90222
5.04303
3.762
3.32325
2.77611
4.54963
4.51265
7.17376
7.37252
8.09077
7.84778
8.44725
7.90143
6.37349
9.07963
6.96392
4.14172
5.23623
5.66928
8.37633
9.43988
9.12153
7.13375
4.46637
6.57178
6.64306
6.88127
9.1442
7.88502
7.18147
8.83441
8.26817
9.81797
6.92241
8.39702
8.60854
9.34113
8.06308
8.2573
7.42683
8.69293
8.78448
7.89848
7.93363
7.639
9.04692
7.06405
7.64953
8.83898
9.20567
7.17396
7.133
6.46448
4.62297
4.26087
5.53185
4.39204
7.61664
6.69231
6.57585
3.6786
5.31114
4.73477
4.22068
3.8483
2.82675
3.0716
4.22834
6.95633
6.38177
6.31056
6.19099
8.31032
6.98294
6.73377
7.00916
6.41839
4.49761
5.34325
5.39158
5.89021
6.23575
5.79812
5.58975
4.87035
5.72464
5.31854
6.69281
5.91044
4.79908
6.07537
5.69155
6.91083
6.53103
6.73731
8.08727
5.15637
4.98054
4.73818
6.08405
5.94784
8.17529
8.02253
6.84494
6.9639
6.61578
10.0332
7.94726
7.62467
7.85543
7.62
8.4939
7.8848
6.22353
7.15354
7.33639
9.25758
8.90383
6.06792
6.27055
6.87603
7.26407
6.67035
6.83535
6.66877
9.0985
8.24473
5.81353
7.26631
8.32343
7.35137
10.423
9.02749
7.51219
9.38233
8.93855
7.66005
5.49418
6.55761
5.75539
5.31701
7.52108
7.50821
7.62013
6.58964
4.36698
6.85202
7.27767
7.05881
7.92391
8.3018
5.95491
6.59395
9.35602
8.38359
9.60615
8.89387
7.8329
5.4016
5.29336
6.04171
5.39596
4.77452
5.06031
7.14782
6.92133
7.42404
6.88109
5.4229
4.68318
5.49016
6.82971
6.13836
6.65161
6.42238
6.53514
8.08445
7.27809
8.191
8.64341
8.70856
9.3078
9.10174
9.75344
8.06957
5.16608
6.4924
5.39596
4.03216
5.45632
7.03545
5.49225
5.71886
6.04398
4.60736
5.28812
6.04502
5.19288
6.13656
5.72877
4.94987
1.66136
3.92741
4.45299
6.27867
5.01447
4.61668
4.45263
2.59821
3.31962
2.31053
3.26258
3.14846
4.16976
3.09514
2.99541
2.93126
1.3759
-0.939508
4.55746
5.0586
3.37165
5.6241
5.46753
5.68312
3.75603
5.12605
5.23857
6.21451
6.05657
5.8888
5.6761
6.05016
5.10731
2.87579
4.03755
2.86019
4.74235
3.99819
2.99813
3.9583
5.2286
5.39596
5.59254
4.38181
8.19853
8.35477
6.71769
7.59843
7.71884
5.6703
5.53269
7.09943
5.70214
6.4485
6.81351
9.12458
8.02718
8.87743
7.21277
8.72849
7.65115
5.87037
6.26354
6.47286
6.40845
6.25109
6.91568
8.54829
6.9062
6.42084
4.55309
5.42977
5.71676
4.92308
3.57228
5.80068
4.34094
4.68317
4.33726
5.3594
6.04095
5.0999
5.97802
3.33704
3.12442
5.01082
4.01254
4.07556
4.34091
4.3057
4.30194
4.93921
5.8996
3.97477
3.54785
3.35393
5.29213
4.57378
7.87022
7.60175
6.26236
5.79883
7.47097
5.92552
5.9177
8.13444
8.00156
6.58254
7.5856
6.73528
3.84684
2.73011
4.4171
4.96954
4.37308
4.15366
3.35144
4.67387
7.10785
7.45974
8.00236
5.36705
5.54349
5.52452
7.48935
5.96838
6.41534
6.23934
5.62506
6.18673
8.40439
6.76523
6.43584
5.91605
7.90831
7.12677
6.1799
5.95498
5.22598
5.61056
5.32312
5.76526
5.3969
5.50895
5.18435
6.43481
7.71491
6.95753
3.61526
6.16333
6.83238
5.19395
5.52546
6.28922
7.31645
7.70514
6.31625
7.01943
6.94064
7.76228
7.72229
6.84743
7.70593
7.98212
8.27315
6.95629
6.8219
5.64056
5.35476
4.83794
7.1489
7.00418
6.80222
5.54278
5.55544
5.97857
6.72602
7.39219
4.77143
4.57725
7.67283
4.27805
6.53011
6.46657
7.69932
7.17477
7.95395
7.89982
8.23996
7.45609
6.47916
5.14373
6.41307
7.55292
7.33061
7.26984
8.47212
5.1961
6.79205
6.47866
6.01735
6.60691
5.87796
6.09358
7.18608
7.77125
6.52897
6.63644
8.76318
8.80204
9.2214
9.10936
6.24552
3.96478
4.08394
3.95987
5.81566
6.83151
6.87894
4.23773
3.91195
4.84966
6.49951
7.5055
7.10367
5.27995
5.17746
5.05348
3.73427
4.22081
4.22693
5.50641
5.98324
6.33418
6.46787
5.75965
5.31425
5.87397
7.33928
4.78897
6.72721
6.94243
6.50166
7.12379
6.64012
5.66998
8.1202
8.52349
9.29227
10.424
9.73915
9.31079
8.62957
7.63841
4.93909
6.53417
6.3282
7.28211
6.25202
5.39011
4.99849
3.88349
3.93409
5.91833
6.51604
6.37005
7.38833
7.42495
3.68359
4.82109
6.75461
5.38099
6.08884
5.56973
5.06295
5.31694
5.74615
5.81514
5.29815
5.23582
6.54058
6.025
7.39985
5.79176
5.62681
3.48599
2.89414
4.09003
5.99106
5.41887
6.3238
6.83743
5.79749
6.19669
6.34821
5.54716
6.32481
6.46758
5.55609
2.70271
4.04599
5.2063
4.69102
5.65229
5.20743
4.90017
5.73446
3.82857
4.54681
4.21409
3.98525
3.58262
3.25197
3.44836
3.73435
3.9437
5.30404
5.08637
1.96216
2.48193
2.41252
3.60206
4.78477
4.79796
5.18304
3.45642
5.82435
6.38813
5.73744
5.90751
7.34271
7.20186
6.88934
6.18723
4.1784
6.28332
5.38437
5.78185
4.16101
4.90329
2.50062
1.98877
4.82094
6.49786
6.63525
6.76605
7.22919
6.51295
7.38484
6.24138
3.78595
5.27081
8.01742
8.04677
7.80147
7.94195
5.99849
8.22955
6.55844
8.2844
6.61361
7.76283
7.53181
4.71304
5.77446
5.85534
6.99588
6.79342
9.05778
9.04419
9.53453
8.64713
7.66278
7.23883
7.6323
6.86107
7.19239
7.27886
6.50874
5.40875
5.97815
6.58586
5.76661
6.11167
6.79457
6.29747
8.43796
5.91239
5.68625
5.32554
6.63999
7.19917
8.96299
9.20809
8.16327
9.86955
8.27183
6.9017
8.06113
7.76512
7.16523
8.67647
6.59857
6.81196
6.48107
7.5917
6.58562
6.28562
6.35353
4.01535
5.74758
6.20435
6.04172
7.65373
9.16887
7.61031
8.73209
7.80283
8.17011
8.0897
5.80324
7.46374
6.22694
6.30942
6.52907
5.52383
7.94554
8.37197
8.83829
8.79758
8.07271
7.60369
7.95771
9.42426
9.23901
7.61003
7.88159
6.93996
8.0009
6.8134
5.1484
5.89704
6.27072
6.93565
5.8923
7.53605
8.0067
8.11882
6.013
7.30257
8.23466
7.94221
7.38903
4.97776
7.80012
9.16331
8.39899
7.81197
7.82476
5.51785
4.07273
6.6625
8.59855
6.95212
7.24596
7.23567
8.2381
7.68039
8.96835
7.63704
8.61488
7.5812
6.60962
5.3015
6.65052
5.71116
5.57633
5.73037
6.69269
5.46193
7.10321
7.96349
7.12002
6.65282
7.97996
7.59912
6.76536
7.73234
10.1573
8.55234
5.8191
8.22092
8.83906
7.02228
6.82787
6.45659
4.73967
6.52914
6.91457
7.554
7.18779
2.02857
6.04395
5.41533
5.44351
4.30037
5.85187
5.09719
3.54683
5.38244
6.91573
6.91666
6.52571
7.25131
6.50242
6.76021
7.9014
5.46669
2.9536
3.65319
4.25141
5.04829
7.1041
7.61242
6.39707
8.17467
7.46773
8.35542
6.30901
4.57867
4.27655
4.66133
5.95912
4.82994
3.96159
4.54699
5.01316
4.15682
5.63088
5.96947
4.60492
2.47001
2.77771
4.33317
4.71353
3.38344
4.06415
5.34681
7.25057
6.19899
3.64295
5.44687
6.44477
9.91426
8.80107
10.457
9.8091
9.11445
9.1005
7.13192
4.64927
6.37189
7.63287
6.79957
6.82275
3.27236
5.1973
5.54932
5.12777
5.52656
5.68283
7.14557
6.27584
6.61473
7.37283
5.24356
7.46715
6.64319
7.20631
6.11134
6.41879
7.54762
6.71206
7.56955
8.63618
8.16614
7.40675
7.22747
8.89676
8.41599
8.97425
9.11312
9.4272
9.98239
9.72456
9.43028
7.08253
6.76731
7.22031
6.78198
6.68955
8.08806
8.00763
9.20166
8.2127
5.60508
6.91864
7.07886
7.54134
7.33131
4.72847
4.6086
4.93663
6.27699
6.8055
6.99321
7.87345
4.75412
5.86716
7.33016
7.48634
7.96266
6.96853
8.55544
6.90169
4.8446
3.77318
5.31173
6.09645
4.85158
3.76265
5.43031
4.33615
6.26369
7.9686
7.51153
9.69847
8.3631
9.67094
9.18811
8.66179
7.71348
8.14979
7.39396
8.57984
7.91114
5.41579
7.25912
7.99929
7.20686
9.18901
8.82611
8.11147
6.1274
7.60445
7.412
6.91873
6.94111
5.85013
5.4149
4.83648
7.1764
7.56952
6.74008
5.85321
3.98004
6.72346
6.88361
6.1285
4.86908
4.58945
7.09768
6.7013
6.09117
8.06212
6.78721
7.59839
6.62971
7.22508
7.3934
7.58903
5.83528
5.59201
5.47659
5.19569
8.16706
6.46537
6.10196
5.15604
7.23882
6.53197
6.44311
3.47772
5.0233
7.18457
5.75251
5.82232
5.66385
5.24811
5.36844
7.29623
6.30312
7.4689
6.39578
6.71227
6.49713
7.23235
10.5508
9.49039
6.02827
9.31154
9.44093
8.26728
7.55345
6.54553
5.19217
6.46175
5.69701
3.02018
4.01969
5.6771
5.16535
8.03643
8.67657
7.71935
8.38499
9.43306
9.13715
7.82522
6.30184
7.81278
6.87472
6.96059
7.91506
6.24833
7.71151
7.31961
7.95425
6.68679
5.0095
6.07392
7.18969
7.42332
5.38481
5.9957
6.48289
6.52967
6.62951
4.7117
4.91145
6.08002
5.64977
4.08696
6.36293
5.8437
6.59309
5.33466
5.97884
6.61476
7.62889
7.4679
7.35297
6.95881
6.57121
5.21708
4.09148
4.03237
4.12332
3.57605
4.40304
3.73465
4.22947
3.72261
5.01413
5.41564
6.49243
6.08672
5.80477
8.32097
8.04927
7.14493
6.79841
4.80059
5.05778
3.35288
6.74319
5.3666
5.5084
6.12231
7.1468
7.76529
7.40664
7.41813
4.96745
6.21184
8.37264
7.69532
6.83997
2.97811
5.50027
5.66073
5.57162
4.40697
5.99138
4.37382
3.06544
4.67052
7.08344
7.71492
7.7455
5.44752
5.77197
6.84374
6.67896
6.21793
5.78572
5.69312
6.06758
5.97397
5.99181
5.32785
4.28166
5.60375
5.94001
4.63859
4.94948
6.99547
7.08242
4.41623
5.35666
6.16463
6.15508
6.84109
6.66287
5.91711
6.85171
7.2184
6.51359
6.25584
5.95776
3.95117
5.25365
5.02753
5.55483
4.85129
7.53008
5.13356
5.43352
6.78001
6.51839
5.2129
8.70721
6.80091
6.07369
3.90625
6.30767
5.775
5.73204
5.04362
5.87499
4.27107
2.1069
3.81529
6.11993
6.35467
6.66462
7.05075
6.8136
6.67922
6.33146
6.60435
5.89303
5.07173
7.09422
6.03536
4.63548
5.53765
6.56487
6.75821
4.20006
5.15538
7.54236
6.54516
4.32829
4.65723
5.12135
2.84006
2.58789
6.49095
6.86648
6.38652
5.3316
3.95371
5.3772
4.80069
5.58268
4.67115
2.578
4.93402
6.52029
4.97217
3.02453
2.74972
4.70803
6.52599
4.09011
4.20122
5.85546
3.88043
5.24193
4.82357
5.4886
7.83343
7.0252
4.98679
4.60287
5.85042
6.81581
5.04703
6.06115
5.33573
6.00203
6.73173
6.30342
6.49228
5.02924
6.83691
6.26049
4.05352
6.3121
4.92677
4.95007
10.3307
10.631
8.53377
8.48463
9.39625
8.96438
7.8408
6.52229
8.14204
6.15871
5.49993
3.43703
6.82021
8.53718
9.33149
10.005
9.41941
6.83345
7.17606
7.92154
8.3686
5.61577
7.71125
7.69782
7.16368
8.48642
7.41236
6.47055
5.31346
6.49927
7.74916
7.13889
4.61787
6.59675
6.79205
5.86255
3.16753
6.44412
6.07381
7.48392
6.18034
6.47251
5.3632
5.65053
4.25952
3.05264
3.67871
4.67378
7.50255
6.46974
7.36255
8.36867
6.76749
6.99371
6.81785
6.16146
3.29021
4.97395
7.35207
6.50575
6.6595
6.42318
4.59003
4.67231
7.3579
6.19065
6.7623
5.31407
5.59851
6.25113
7.78581
7.84141
8.57586
7.69921
9.88463
9.10945
8.73648
9.25822
8.6372
9.3136
8.38462
6.17292
6.73627
8.57212
7.86704
8.79735
8.05865
7.80864
7.13765
7.12646
6.36679
5.75912
5.94098
6.55007
5.97461
7.47997
6.44321
8.24341
6.73466
6.38698
5.60227
6.47909
5.90942
6.17715
5.91252
5.52436
5.67971
5.17852
4.62352
5.80255
6.8746
6.15213
7.39315
5.5064
4.28645
6.50111
8.26987
7.85413
9.26222
9.3489
8.34791
6.36817
6.95655
7.87417
7.81937
8.79584
7.97013
6.62977
8.34739
7.39087
7.40217
8.46559
8.19962
9.26679
8.44576
6.59691
7.93607
7.37481
7.63029
10.4508
9.89188
9.49486
6.18986
7.83696
7.03648
5.48546
4.17638
5.28168
4.35245
4.08433
5.919
6.06276
6.87155
6.52375
2.4537
3.59358
5.89368
5.03485
5.90892
6.10938
3.56456
6.49221
6.23335
4.65818
3.55662
1.15907
5.64458
6.04569
5.01694
4.9731
4.37351
2.97054
3.78558
3.75168
4.22502
4.10033
2.4494
5.77121
7.82868
5.17158
5.42405
6.82733
5.15259
3.58072
5.37707
6.70865
5.53521
5.13301
6.04457
4.49736
5.80126
6.67632
6.09981
4.46424
4.48541
5.19673
5.72878
4.762
4.77707
5.12037
5.3985
4.80852
4.18496
2.85839
4.47458
5.03098
5.00191
6.145
5.89513
5.62387
4.0544
7.29916
6.04562
6.58646
6.29741
7.63875
6.59408
7.9489
4.38449
3.71817
5.53024
4.95014
6.17246
3.99292
6.03913
4.88473
7.15937
6.94419
5.24262
5.4501
6.01004
5.65272
4.23814
4.9005
6.08368
6.07575
3.21505
5.07152
6.13657
5.03762
6.82375
7.51329
8.78742
6.58521
5.82549
5.12143
6.16733
5.60223
5.18482
6.29892
5.86248
4.82401
4.32279
5.04006
2.04957
6.79491
3.7931
3.60187
5.09485
4.28561
3.79192
4.61753
6.11799
6.39488
6.16756
3.62375
5.4652
6.46613
5.04511
4.88077
5.37603
5.72723
7.84584
5.43782
4.43617
6.00797
5.28832
5.57467
5.61439
7.27933
6.01467
5.9354
5.44516
6.72716
4.64379
6.0676
6.10924
6.9878
5.6405
7.27878
6.8949
6.98747
6.40912
4.16497
4.16363
3.98352
4.66174
6.26531
5.91282
4.69076
3.94824
4.84595
2.19445
3.4665
6.33078
3.74286
3.1435
3.15836
3.49515
4.23553
2.62434
3.77179
4.03286
5.13294
7.92
6.1468
5.62309
4.20819
8.1666
8.87321
6.4057
4.84487
4.94418
5.82658
7.73266
6.54683
5.75953
5.47433
6.97569
6.76314
9.34931
9.26747
7.60366
5.56689
4.33599
4.61378
4.90473
4.77353
5.15534
5.42109
6.81082
6.02699
8.32408
7.13679
4.87259
4.94498
5.85166
5.96272
8.32567
8.64196
8.08293
9.34368
8.79513
7.91249
5.49194
7.19166
5.28603
4.11968
6.49493
6.05827
6.07283
4.92632
7.25059
7.97771
8.4193
7.46621
8.47596
5.099
2.92595
4.07991
4.79331
4.18285
3.56205
4.01266
3.59836
3.18973
3.8301
4.09008
4.41845
4.32314
5.04861
4.5583
7.42627
8.86237
8.06911
7.73906
6.8237
5.45901
7.21948
6.39693
6.84677
6.38042
5.52123
5.64826
5.71932
4.70011
4.2209
3.29773
7.6373
6.38903
8.01847
3.24552
3.87514
4.57871
5.05593
5.06941
5.79389
2.15946
2.78502
2.32635
4.74587
4.69618
5.70087
8.56987
9.32358
6.77011
6.70567
6.12979
7.03813
5.60715
6.00624
5.95334
8.30635
8.45072
8.05158
5.80064
5.88418
5.23053
6.99894
6.10951
7.78985
6.28687
5.33202
5.6302
7.8377
7.23582
8.05371
4.74597
5.24382
5.03933
6.5376
6.61681
6.5755
6.85888
5.7516
6.97012
5.18854
5.12807
6.4291
5.95178
4.22277
3.85371
6.05196
5.37277
6.12451
7.75308
5.17396
5.89722
4.75714
4.50125
4.5062
3.55376
6.38573
6.87145
5.80299
4.97206
6.17849
6.06118
6.63054
6.39944
3.4178
3.5461
3.18935
4.5578
5.05505
5.99524
6.25997
5.26425
6.47117
6.12014
6.22707
6.58864
6.51348
5.66506
4.41543
5.42275
6.47883
6.90584
5.76815
6.69819
6.34358
5.25618
6.28646
5.07682
3.90687
5.20763
7.17074
6.21361
4.96138
6.51279
5.41213
5.46474
2.43909
3.03794
3.39676
4.95249
6.93288
6.63598
4.40556
2.85016
6.31145
7.17926
7.73426
5.22518
5.92852
7.01693
5.71868
5.24474
7.15491
7.99285
7.20561
6.56585
5.94199
5.83101
5.39469
5.09556
7.51772
6.71343
5.85231
5.66807
7.35702
6.91349
7.91501
6.89335
6.71316
3.37433
5.79658
7.81429
7.16331
6.4481
7.46096
7.44588
7.16044
7.80137
7.71681
7.80608
6.64602
3.6662
5.59633
5.0838
5.53302
6.06599
6.58805
7.68246
7.70849
6.91603
6.43716
6.8834
3.53598
5.12379
5.52081
7.10173
7.59191
6.14198
5.84129
5.8237
7.65458
8.69691
8.34475
7.9752
6.85191
7.94824
8.19448
9.21255
8.16375
9.94173
6.13026
7.63954
6.8699
3.9982
6.15142
5.22716
3.77122
3.01325
2.74636
5.1055
5.57122
4.75158
7.26674
6.52088
5.51435
6.18521
6.11979
3.78273
0.809765
1.1849
4.7086
4.37518
5.71039
6.56269
5.96898
3.36489
6.0695
5.97604
4.77585
5.29895
7.21892
5.31735
8.30797
6.92325
7.38816
6.29922
3.3902
2.90798
-0.0275746
3.16239
2.59472
1.96723
2.46185
2.79
5.46458
5.75781
5.23527
4.12162
5.86344
5.29101
6.03333
5.88566
4.02468
4.58816
3.06558
5.6238
4.17887
1.33831
3.60448
2.77909
6.7746
8.03235
7.85879
6.0801
3.68676
5.64953
4.55207
3.96717
4.13228
3.50914
2.71282
3.55839
2.78323
2.57013
5.109
2.75548
2.82769
5.21308
2.75077
3.43689
4.04819
2.42481
2.82631
2.30827
2.20402
2.06187
3.47431
0.309782
1.82976
2.09283
4.61046
7.60753
5.85066
5.48562
5.42761
3.74752
4.62678
6.79972
4.88788
3.98184
6.1356
6.37613
8.66007
7.58529
3.85196
5.86571
4.89936
6.13381
5.82151
6.69492
6.68259
8.27725
7.35389
6.24732
6.43649
8.21239
6.74295
8.26721
7.29114
8.7102
6.40609
7.22926
6.16802
5.3421
6.49012
7.26943
7.10818
9.05728
8.76973
7.49188
3.93359
4.59467
6.60748
4.61225
6.06522
5.49469
4.96386
5.39802
3.98853
4.93426
9.19108
6.93423
4.92415
6.05392
3.97593
4.10095
4.05265
2.66084
4.31511
6.48998
3.3571
3.26662
2.41381
4.0604
6.08801
5.68025
4.39142
6.84127
5.67777
5.99487
5.64699
5.28197
2.03396
3.34267
7.12082
6.77458
5.90678
8.02459
6.53659
4.17339
5.43859
4.64531
5.55186
4.49903
8.06564
8.54293
5.58532
2.76804
4.7461
4.63981
5.07634
5.02823
1.89529
4.36655
5.30781
4.61437
2.88622
2.20984
0.860851
2.0833
4.26733
5.50373
3.80234
3.0644
3.31678
0.835298
2.92703
0.679684
-0.062445
1.2812
4.85937
2.50934
2.67512
1.20628
2.07098
1.48536
3.64648
7.23092
5.87795
4.53165
5.63815
5.93537
6.10199
7.45138
6.77924
5.29518
3.43384
4.10923
2.72566
2.58809
4.15875
2.36731
3.20004
3.66988
4.6313
4.8937
4.40439
2.27471
2.36085
6.67548
3.85627
7.40393
4.99662
2.75056
1.16536
0.422382
3.14401
5.09066
5.73228
7.10254
7.27891
6.20944
0.88397
2.45716
3.42167
4.81848
4.52959
5.8109
5.56275
4.42725
1.56384
4.09211
4.65224
6.09111
5.52572
2.02899
3.3462
1.59182
0.313258
1.36193
4.93943
5.55719
5.66561
6.13551
2.9441
3.34646
5.58758
5.21345
3.26293
2.5446
2.49898
2.07787
1.76438
1.98023
3.05519
1.15802
1.04638
2.88575
4.41412
5.12343
4.85646
4.63969
5.15434
2.38151
3.53246
4.24111
4.7634
2.83498
1.97858
4.97823
3.1265
3.53908
3.08129
1.74816
-0.283544
1.61625
3.76276
5.33734
4.47915
3.78236
3.98326
2.57962
3.42384
4.69676
5.11045
4.88687
5.14274
4.40657
3.80594
3.25316
3.66572
3.51967
4.26439
4.48524
4.28804
3.19553
2.88463
3.30015
1.94389
2.8265
4.60821
2.95729
5.71351
4.90898
6.9999
3.90875
5.35931
7.16053
7.71262
6.31711
1.9359
2.9075
3.57576
4.31778
4.71527
5.57542
3.93624
4.66039
1.0085
3.56152
3.1209
3.81074
4.98851
4.62158
3.14737
4.02165
4.78239
3.2925
3.33371
2.06231
2.37266
2.36933
3.78454
5.81213
5.55749
3.14746
4.67681
4.88565
6.34008
4.4349
2.62199
2.0397
2.76325
3.50499
6.27654
4.57346
1.07335
2.10714
2.13535
1.51957
0.726223
1.87646
3.00819
4.80807
4.37407
6.06347
5.17983
7.59306
7.44145
6.67209
6.31686
4.40591
1.00728
3.79412
3.93412
2.8534
2.99113
5.24289
6.64347
5.04985
2.70869
3.77614
3.03574
3.71125
4.22625
6.74742
4.8048
3.58929
6.5289
5.78996
3.1443
3.88173
2.47984
2.91644
6.04436
5.79572
6.78369
6.61341
5.35614
3.47404
4.06352
4.17743
2.93489
4.17411
4.07257
6.3133
5.1867
3.52864
3.62614
5.58131
6.01925
7.58042
5.90278
6.3569
5.86741
5.05349
7.07819
5.30054
3.22346
5.0107
4.28653
4.63068
4.30138
3.88465
3.694
4.24214
3.37751
3.25128
3.49265
4.30297
5.37233
5.01284
2.64671
4.76724
1.55515
2.08034
2.33803
3.19898
4.11937
1.1954
1.97095
1.61856
4.20456
4.46729
3.19025
2.842
4.46095
3.41422
4.198
4.39352
4.86979
4.74224
2.66832
4.18237
4.37232
5.40973
4.28427
5.96524
3.87265
5.03885
4.59671
4.15683
4.45443
4.35305
5.48533
3.95941
2.05413
5.79372
4.71126
3.24862
6.05445
6.0956
7.21924
5.63061
2.71291
4.01293
5.63512
4.35872
4.97679
4.67052
5.90214
5.64377
3.17091
6.74144
5.85006
5.69671
7.12422
5.96535
3.96442
3.82699
3.88571
4.05122
5.12297
5.34558
5.00234
4.10796
5.69911
4.92874
3.16267
1.25988
2.95486
6.00835
4.94083
5.14595
5.50597
6.02081
6.37505
6.05505
6.6514
6.74214
4.76917
4.55111
4.07651
3.91058
6.00781
4.01854
3.96907
5.54459
5.40705
2.43176
2.34851
4.36226
4.59995
3.63226
3.59096
3.45564
5.10848
4.17251
2.63838
3.45484
3.09987
4.06976
4.27825
4.31074
4.29568
1.62939
4.64494
3.57632
3.5304
4.78101
3.87743
5.17754
4.86534
4.91743
6.38367
8.17092
6.25185
6.88846
6.84282
7.46276
7.1696
4.56246
2.84393
3.52185
4.54454
3.57709
4.75714
4.0644
5.33326
4.53526
4.98994
6.33901
6.31643
4.56342
4.44898
4.48016
2.70293
3.38289
2.73451
4.02751
5.91018
5.35895
4.01808
4.21612
5.17839
8.10492
7.40943
6.83661
5.41488
5.93758
5.97331
7.35743
7.61549
5.5307
2.27936
4.81426
5.1665
4.78685
4.90683
4.07827
6.07577
4.63908
4.01997
3.06463
2.99396
2.34461
3.40471
4.76029
5.34647
5.4947
4.54361
2.98005
3.63324
5.72028
6.33734
4.31589
6.66019
4.74257
3.47151
3.28241
4.36273
5.53402
2.48861
3.53989
3.85617
3.65193
6.26995
3.62744
4.56936
4.40494
2.29973
3.68679
2.88621
3.62272
3.0647
2.67105
1.66
2.22033
0.496689
0.934165
3.24124
2.7246
2.67641
3.47503
3.27922
2.93601
1.87023
2.69728
3.31136
4.50007
1.69027
7.50917
7.47076
7.48135
6.5582
5.286
3.21438
3.19841
5.15831
2.76328
3.9256
2.55999
3.9706
3.66697
4.27336
4.71697
4.69945
6.60113
8.11102
8.77319
7.08233
7.12074
5.6914
5.98251
5.45285
6.87552
4.24644
4.46039
4.86267
9.3692
6.0907
6.26347
7.13518
6.17087
6.41258
3.39463
1.17525
2.86392
2.35487
1.74487
5.20842
2.89635
5.12258
6.31583
1.58172
0.469053
0.104916
2.81159
1.52968
2.01881
2.60664
2.95612
2.22168
1.29841
2.8498
2.43578
3.70106
1.75927
5.65993
6.15626
5.03888
4.12697
4.47306
3.9005
1.46496
1.80839
0.899242
3.48609
3.63903
2.61649
2.18653
4.90161
3.35494
3.83878
0.688523
2.83724
6.15584
5.41767
3.14352
2.22552
3.92645
4.93219
3.07648
0.746376
2.59398
3.49615
3.56676
3.8125
3.60906
5.40645
4.54498
4.96985
5.52094
5.09619
4.81668
5.92264
6.22291
4.62182
4.62058
3.38914
4.36319
7.03703
7.59391
3.98456
2.01295
5.06212
5.56403
4.44723
5.98036
4.56806
6.89961
4.77028
5.04233
2.83886
4.91641
5.48369
6.25777
2.76073
0.104719
1.41508
1.54346
3.03239
3.43467
5.08905
6.37273
5.82907
5.63962
4.09098
3.69314
4.19283
1.0503
1.00502
0.980468
1.7186
3.25271
4.46628
6.2569
2.38719
1.07375
0.981982
0.935262
1.03925
0.946283
1.35311
1.5249
2.27042
0.228463
1.53808
1.1
0.526025
-0.0269433
1.1384
0.896653
1.37459
1.53857
3.10579
6.1023
5.38305
4.31338
5.03532
4.45622
3.35841
1.96134
0.633671
1.76975
2.98525
-0.187806
0.474724
0.517998
2.97427
2.71898
2.8739
3.55497
2.85705
-0.67311
-1.18031
-0.997896
0.498908
0.588234
0.399378
1.83376
1.68614
2.70819
0.941183
3.18503
1.63097
0.697324
2.67882
3.18675
1.37601
0.296378
3.48002
3.51486
1.9562
4.35944
4.03496
1.48014
0.949844
3.89865
2.94749
1.76039
1.10649
2.04253
1.58215
2.81835
0.477788
4.05905
3.39889
7.14131
5.03695
4.46201
3.02539
2.90663
5.43713
2.52217
3.51319
4.66372
2.45237
-2.02954
4.44572
4.15578
5.37906
5.64572
5.34625
3.93673
5.12403
2.73038
6.12721
5.06689
1.51133
4.68911
7.06689
5.378
5.51133
1.03197
1.00975
1.04149
0.730381
3.64149
3.57483
1.69229
1.23514
1.18752
4.178
4.40975
5.83514
8.76001
6.47535
5.51768
1.62562
4.54943
3.85102
4.63832
1.53356
-0.0378732
-1.15216
-0.818826
2.9526
3.79705
1.93038
1.32721
2.18117
1.70498
1.2161
1.63832
4.46371
2.09567
2.18182
6.89822
6.64002
9.02944
4.21543
4.0272
4.49386
7.47164
7.38702
7.51957
8.2529
7.6252
3.54545
4.24174
3.02924
3.37671
6.25377
9.27474
9.60211
6.18835
6.96401
9.34285
8.45714
2.01991
10.8024
8.59384
11.4624
10.2042
6.74497
8.85608
6.95449
8.41375
6.52678
5.86291
9.26375
8.35009
10.3628
9.76597
9.12385
9.92556
11.722
13.6381
12.8201
12.6823
12.0157
12.3172
11.7395
10.6601
8.8675
0.262213
5.32359
6.4474
6.86346
4.94956
4.58766
3.72946
4.91912
10.7137
11.2026
12.2155
11.1989
10.0603
7.91005
11.5968
10.6485
4.43761
6.50159
7.32381
6.83492
7.27831
6.07071
5.11602
6.00087
8.55053
2.18735
12.5408
4.19893
4.04338
11.0984
10.9513
9.86414
5.52584
6.56401
7.13227
6.45733
6.94343
7.67741
5.84591
5.38877
8.02073
1.18941
11.6963
8.42751
11.6309
8.61921
7.8436
6.02713
5.60977
8.90332
4.6809
5.67137
6.27878
4.72534
4.06397
3.70629
3.81233
3.97383
4.80346
6.3241
5.65743
3.42569
6.73064
3.71898
3.69171
5.70123
6.06949
4.97273
3.3386
6.08276
9.16869
3.64829
5.26263
5.68062
4.23723
8.23742
6.61991
4.86436
4.24214
3.20106
3.47828
4.64553
4.93531
5.0354
6.26013
7.09062
9.31361
5.99346
5.47071
6.88341
11.0802
9.21991
4.4379
8.40212
5.84589
4.9443
5.08081
5.4734
7.04906
3.64589
7.49033
9.1039
3.85599
6.63107
6.28398
5.45753
5.2457
5.10476
6.28398
7.1898
9.00991
5.0025
6.06792
5.59365
6.26176
6.64906
6.63636
6.52208
5.88716
5.24271
6.81626
9.71871
8.62564
2.9927
9.47615
4.94885
3.63028
6.58665
6.44567
7.21363
6.64939
3.94496
3.17671
5.03067
7.00845
7.2011
5.07563
6.11983
10.6759
8.44098
6.86451
2.90037
5.75116
5.64322
4.00195
10.2982
9.41254
6.69931
4.12769
4.72538
3.90058
4.04281
6.66821
4.40895
4.50736
6.9518
2.59625
4.80113
0.881474
-1.11218
-3.43599
-0.808473
-1.26138
1.17354
-1.76932
3.02962
2.0853
2.58892
4.84289
6.94217
8.46886
9.49053
6.59884
7.76738
6.79566
7.59403
7.5898
7.79489
8.37979
8.48609
8.79297
8.37816
8.21096
1.972
4.93388
5.32037
5.12354
7.15529
2.71402
2.30767
2.66957
6.6791
6.0664
1.64439
4.31127
6.81243
4.73624
5.25688
0.323543
1.40522
1.98242
0.209931
2.52633
2.33374
2.57607
4.35618
3.25714
1.51851
4.30899
1.88465
4.40528
-1.32382
2.07089
5.66878
5.79893
6.02116
4.61163
3.87003
4.55295
5.54725
1.05226
-0.671551
1.09353
3.27364
5.291
1.63386
2.74814
4.76719
1.85608
6.35766
4.90052
4.12274
4.31976
5.27041
8.70004
7.29792
5.82808
1.80586
4.16142
4.17094
4.42491
1.25983
2.98239
1.11101
-1.82973
-2.30169
-1.46552
1.2429
1.64501
3.04078
5.07676
3.68376
6.393
10.1839
7.50351
6.65378
4.2961
4.15007
5.45695
7.47473
8.81061
6.41371
7.79557
9.12362
4.8633
4.6961
5.42944
8.51515
9.12997
7.95642
6.01356
1.41039
1.08341
1.21845
3.42895
0.838473
2.12736
1.28292
2.85117
0.282917
3.06004
3.84885
1.01263
6.64438
4.86997
5.00801
6.90537
5.8256
4.95906
0.844378
0.881629
4.5722
1.72631
3.3596
-0.532468
-1.17691
-1.19913
2.52997
4.18288
-0.100722
1.41462
5.70159
5.31361
5.64165
4.22472
0.123136
2.76017
1.89351
4.03088
6.15209
6.7798
7.46645
11.2369
9.61308
6.47552
5.76229
4.83954
5.1824
8.45329
9.46811
9.28629
5.21164
8.99536
8.6337
7.51306
7.58589
4.26225
6.99487
9.65435
8.076
5.85483
2.65801
2.89928
5.11938
7.86772
6.35719
8.46138
6.96361
3.32259
2.07814
2.16386
3.25275
3.25508
2.66715
4.38567
4.53593
6.12006
5.9645
6.00895
5.47982
5.97692
6.05686
6.36585
4.13526
7.5469
2.13209
1.14161
1.11391
0.806547
0.559771
4.23001
9.29901
7.44147
3.59873
5.70289
5.86886
9.96614
8.81568
7.8714
4.59598
4.47746
3.98646
7.52508
6.10597
2.34273
2.94161
6.84002
2.46189
6.02732
5.32891
9.22309
9.34161
9.68895
5.39134
9.12627
6.89928
9.80298
3.96595
5.46013
5.77784
10.0804
8.08818
1.43139
6.19894
5.03069
4.06561
3.95979
4.34497
6.11005
10.5841
9.24515
9.09841
9.08148
8.82751
7.10899
1.42126
4.71345
0.831351
2.61657
4.30199
3.80535
7.28189
5.7245
2.67776
8.18349
4.19683
0.648325
1.29735
5.90265
4.6582
3.23854
2.17547
2.05695
1.81991
7.39028
5.62687
-0.727337
0.82328
2.13122
-0.844444
-1.9873
-0.730159
-1.44127
3.93862
7.38836
3.28254
6.80847
1.36931
5.39894
6.46279
6.31182
6.67725
8.67649
4.27255
-1.56058
-7.60335
-1.97372
-7.66261
-3.42557
-0.136686
-1.98577
0.337874
0.724887
0.798116
1.61653
-1.57452
-0.441536
0.771612
-1.37763
-1.87505
-3.79648
-0.210877
-0.2578
-0.250745
-0.0461595
0.990878
-0.189818
-0.272422
-1.06537
0.162968
0.0566727
