18.9147
17.979
17.7818
16.922
16.4958
16.1413
15.6804
14.706
15.6742
15.5424
14.4606
14.3018
14.4121
14.0314
13.7449
12.9376
11.9108
11.8243
12.847
11.4639
10.7633
11.8227
11.7062
11.3658
11.7672
12.7585
11.7096
12.0966
11.8927
10.9781
10.6012
10.0206
9.99715
10.6491
9.29649
9.7367
10.4132
10.0834
10.3276
10.8578
11.3056
11.044
10.345
9.53655
8.0788
7.49063
7.586
6.76374
7.59473
9.01423
8.65593
8.41174
8.20778
8.90189
8.48156
10.7753
8.91891
7.97987
9.96914
9.82013
9.58309
9.13744
8.31744
8.19623
8.44492
7.23539
7.11658
7.75785
8.09774
6.9241
7.42052
7.28086
7.35323
7.04557
7.00225
8.59446
7.88898
7.42792
7.57184
6.90566
7.01975
7.40456
7.26663
6.97053
6.22845
5.78241
5.75794
5.26532
5.33237
6.31167
6.21784
5.82721
6.35389
6.87214
6.14155
5.34722
6.23931
5.59189
5.54959
5.4118
5.91428
6.52866
5.67728
6.4338
5.42217
5.28372
5.37571
5.84309
6.26937
7.16565
6.76226
7.20558
7.41866
8.10382
8.54799
6.50695
6.84
7.47386
7.69549
6.59931
7.38071
7.9067
9.16089
8.38245
8.5462
7.99103
8.21224
8.4134
7.8466
6.39438
7.11332
7.93517
7.87991
8.55237
7.92864
6.38871
6.85693
7.2179
6.43436
5.16753
6.04449
5.15863
7.13653
6.56489
6.82288
6.7117
7.46996
6.54741
5.88699
6.22009
8.00015
7.39014
6.9476
8.38172
7.57769
7.4447
7.59221
8.50965
8.96833
8.07005
8.07501
7.21746
6.80989
6.70195
7.18596
6.30345
5.7385
5.46369
5.13474
6.06567
6.29344
5.84153
5.57287
5.78708
5.95248
5.80019
5.07735
5.08948
5.83786
6.92203
6.5275
5.94119
6.32153
5.29163
6.00246
6.13043
6.99362
8.23682
6.82442
7.83463
7.58463
6.5192
8.05791
7.22733
6.8351
6.68768
5.84587
6.85454
6.72454
6.05488
5.80145
6.15836
5.24597
6.88473
6.82734
6.77536
7.37457
6.95259
6.66014
6.25687
6.81102
6.34704
5.10011
7.14304
6.82213
6.56296
6.33112
5.88947
4.85997
6.0345
5.04258
5.43919
4.70562
5.08212
5.88948
5.3254
5.35252
4.83782
4.19697
4.82525
5.13129
5.10179
5.078
4.46726
5.34909
6.36683
6.80882
7.47297
7.08955
6.4359
6.99859
6.53909
7.21885
7.05125
8.0765
8.25612
6.98622
6.99475
7.28398
7.46501
7.21874
7.05784
6.13654
5.76505
6.39206
7.50132
7.1483
6.47941
6.04434
5.88034
5.29356
5.61765
5.13743
5.94856
5.41528
5.72239
6.30329
5.04967
6.26452
5.2211
5.3018
7.20907
6.03146
7.07854
6.10246
6.01379
5.7607
5.31909
6.65803
6.38939
6.5173
5.82035
6.51243
5.0464
5.9482
6.40985
5.64547
5.86771
6.68951
6.61208
6.55103
6.30218
6.92683
6.95651
6.34422
5.91418
6.27862
6.65998
6.75108
6.83222
5.95924
7.09896
7.20428
6.80251
5.86654
5.30775
6.30115
7.32989
6.32609
6.69745
7.01225
6.86872
6.62589
7.49231
6.33995
7.19192
7.551
7.89894
7.64732
6.50412
6.73433
4.41084
4.92886
6.4459
6.30858
5.68464
5.3454
4.65373
4.85707
4.55514
4.15267
3.84883
4.59621
4.42552
4.47396
5.31169
6.53663
5.62298
5.72609
5.80276
6.27922
6.0377
5.89032
4.39799
4.948
4.2906
4.33663
5.67942
5.78259
4.75728
5.50825
5.15975
5.72639
5.41123
5.12646
4.63112
4.74015
5.41603
6.06358
6.66525
5.77259
5.4399
5.82915
5.44704
4.85286
4.74796
4.77805
4.98868
4.57412
4.28117
5.03402
4.50083
4.89551
5.09044
4.4545
5.09385
5.13711
5.01825
4.43333
4.28265
4.17016
4.10765
3.86198
4.3163
4.10802
4.84765
4.95469
5.48049
5.62693
5.0493
5.27977
4.99201
5.18119
6.07377
6.1147
6.0587
7.64747
6.4286
6.91191
6.16032
6.16287
7.18901
5.40967
6.05264
6.54442
5.08275
5.9155
5.95391
5.49203
6.44839
5.66509
7.25128
6.53835
6.52858
5.02739
4.26897
5.41676
5.11803
4.54295
4.79671
5.43281
5.01707
5.71031
6.30546
6.35418
5.49924
6.48201
6.18611
5.41562
5.95787
5.63413
5.61852
3.70693
4.99268
5.21296
4.67333
5.1404
4.94684
5.36541
6.0528
4.86182
4.65748
4.69943
5.58828
5.22471
4.91073
4.61696
5.29248
4.20813
4.59178
3.63584
3.12393
3.38314
3.84491
4.25616
4.92263
3.6807
4.93808
5.36614
6.69202
6.2691
7.06602
6.17906
6.05647
6.32882
5.66675
5.28684
4.98985
4.91323
5.68367
5.63556
4.22694
5.27139
4.11235
5.32527
5.58246
5.06917
4.42235
3.88368
4.14999
5.26063
3.76707
4.51403
4.81817
5.39765
5.10368
4.4108
6.17884
7.17977
7.07526
5.4436
5.66445
5.6758
5.52073
5.9439
5.4007
4.23369
5.72769
6.24591
4.46442
5.2952
5.82919
4.81266
4.55655
5.53636
4.52512
5.96957
5.47663
6.09481
5.63499
4.7269
4.2284
2.91844
2.72934
3.12741
4.30941
5.89545
6.80265
6.3323
6.88551
5.72246
4.15276
4.7716
5.88981
6.04604
4.59371
6.0432
5.63806
5.10116
5.13455
3.45934
4.2489
4.65713
4.29507
3.95219
4.79373
4.15446
4.50986
3.67969
3.995
3.03644
3.99041
5.48105
5.43661
5.64993
4.01671
3.46815
4.0453
2.95648
2.76525
3.05199
3.84409
3.8299
2.5947
2.78794
4.12527
4.55928
4.32277
3.09535
1.89664
4.25722
5.50929
5.31022
5.92433
5.78287
5.44172
4.85087
5.05218
7.0546
5.93379
3.93814
4.50171
4.36015
5.68122
6.18893
4.22807
4.46875
2.2455
3.58664
4.1446
3.75704
3.77018
4.97913
5.30403
4.28027
4.01956
4.83433
5.69138
5.92235
6.09022
4.3948
3.96821
4.91807
3.71982
4.97775
5.64123
3.81514
3.65126
4.90752
5.33918
6.13996
5.85416
5.55659
5.38361
4.53656
3.30575
3.69948
4.61525
4.10851
3.55604
3.69411
4.22549
4.08283
4.20187
4.65222
4.04931
3.95662
3.54429
2.42254
2.63385
2.82515
3.91587
5.50077
6.9364
5.6919
5.93756
6.01099
5.6701
4.50888
5.14334
4.77391
5.79523
5.50301
3.76261
4.39574
4.01233
3.67992
2.26954
3.7984
4.21413
4.31899
4.02722
3.45576
3.72123
3.56762
3.66897
4.43657
3.86497
4.95875
3.30165
4.98569
5.00373
5.48499
5.13292
3.53439
4.4881
3.00374
3.46994
2.8788
4.53976
4.93607
3.85626
4.79129
3.83714
4.8261
4.96768
6.22821
5.46395
5.10164
5.52374
5.35624
5.45467
6.4964
5.64933
5.44795
3.9972
5.798
5.51925
5.5913
6.60521
7.00072
6.20234
6.28719
4.40603
5.43921
6.12407
6.00151
4.54497
5.5556
6.21351
5.07084
5.08535
6.3069
5.68007
5.35602
4.87014
5.03279
5.51428
4.77193
4.81002
4.60941
4.65332
4.84412
3.55483
4.5545
5.18629
4.29337
5.91888
4.8842
4.19568
5.1546
4.39063
5.30697
5.16437
3.31992
4.87013
3.82971
4.81757
4.92684
7.38722
3.23872
3.97738
4.67692
6.48066
7.48431
9.01255
7.50011
7.55502
5.99893
5.76257
4.97666
5.05405
4.94099
4.35694
2.79666
2.91759
3.98924
3.18512
2.07291
3.1449
3.16971
1.47506
0.67733
2.2628
4.12877
2.76247
3.52389
3.17643
3.13209
3.2104
3.46331
2.77734
2.99276
5.32513
3.92317
1.70112
2.98974
2.17902
2.6386
2.59983
3.25933
3.16314
4.5262
5.19917
5.02962
4.07005
4.83342
4.66372
3.24308
4.3961
4.58171
5.31218
4.59472
4.69685
4.05856
3.01923
3.24296
3.26744
2.68725
2.75032
4.11723
6.37656
9.16702
7.46016
7.98315
6.20212
7.75835
7.05376
8.65865
8.29092
7.69628
7.67169
8.35285
8.78162
7.45369
7.16393
6.11062
5.44274
5.47985
5.44423
6.02337
7.45642
8.71544
8.06477
8.29153
7.53338
7.12905
6.57462
7.08048
9.48216
8.23049
7.35486
7.10263
8.77271
8.29144
8.63032
7.86857
5.9995
7.18743
6.64443
8.28652
9.4865
9.32878
8.14399
6.21793
6.51434
4.64175
3.9257
5.02877
4.93704
5.137
5.37546
3.79317
3.25901
4.00639
4.68148
3.23059
2.06505
4.08798
4.5283
7.59193
5.4787
4.72187
4.88446
7.61602
6.35895
6.92876
5.93393
5.5824
4.89281
4.3973
5.72131
3.87026
4.3123
6.14598
6.56453
4.29251
5.23409
3.44472
4.58221
4.71133
3.96463
4.15
3.37584
4.5967
3.59677
3.76679
4.03154
2.89418
2.7289
2.67061
3.08799
3.40447
3.85738
3.12528
2.74637
4.53646
6.3691
5.387
6.43522
6.61702
5.84673
4.46081
5.6989
4.20267
3.53086
4.45815
3.75862
4.91862
4.70595
3.656
5.35486
4.62461
4.81879
6.10791
3.68404
5.92366
5.17152
5.35095
4.03308
3.94342
4.88529
3.17695
2.99635
4.71774
4.98534
7.06658
5.90162
6.1825
6.27075
5.97497
6.30336
6.86427
8.00585
7.19917
5.39825
6.9147
5.38705
3.67677
5.71727
5.74052
5.93934
6.0134
4.80324
0.926483
2.61
5.34362
5.77891
5.23878
4.92536
0.945511
3.59495
6.03287
6.03545
5.46167
5.23023
-0.24258
1.92868
4.9989
4.00837
-0.709705
3.77972
3.99605
4.22227
4.3262
3.55511
2.57444
2.54406
4.20506
3.63544
3.67158
6.40953
4.06844
1.78027
0.506968
2.19162
2.34432
2.14777
1.60999
-0.202178
-0.48456
2.34937
0.292158
4.19673
1.92023
1.89332
2.3767
4.64137
3.97524
2.51905
1.97344
1.54864
2.48352
-1.01057
-0.551541
0.555099
4.48017
5.34137
6.04351
3.49732
4.16452
6.44134
5.765
6.63595
6.68324
5.83774
2.25367
3.76568
6.80242
8.24868
7.46335
6.9307
6.3786
6.50942
6.15161
6.76453
5.8985
6.38702
5.29433
4.66372
0.216116
5.28906
6.8749
6.20637
3.08445
3.29891
3.22951
5.39791
4.95432
2.99525
4.98605
4.61001
1.6836
1.39495
1.70721
4.52575
5.4497
5.7262
6.44535
6.08006
6.54276
6.58927
4.12154
2.24237
2.39312
4.81043
5.41733
5.94064
4.94901
1.33493
3.76844
3.62081
5.59372
5.22843
3.98691
3.22141
4.41567
3.75634
4.9806
2.54506
1.00808
3.50519
8.09966
6.3602
5.98552
5.69979
3.30609
7.11291
2.95934
1.91291
0.735203
2.35135
1.44226
1.73815
1.59892
1.11838
1.09859
1.77082
4.47804
4.6793
2.63246
0.765949
2.54539
3.72557
4.15957
1.50239
2.14297
1.58806
1.72739
3.16419
2.86408
3.39409
5.76081
3.76675
3.08417
4.20905
9.24807
5.14972
1.64726
-1.71232
-3.0054
1.07785
4.78759
5.83652
4.73466
2.22263
0.332142
2.0433
1.56723
2.6246
3.48289
1.97787
3.28596
0.948891
5.3441
3.88911
5.73153
5.20455
4.62946
2.3359
2.62146
0.0606962
2.07386
4.73641
4.46886
2.1642
3.77924
4.8662
2.87362
3.64678
4.4621
1.54354
2.68315
3.48634
0.992669
3.11723
2.91235
2.53998
5.8306
2.70506
2.19424
1.98267
5.34559
4.81399
8.81832
9.74876
9.38755
8.92037
9.48088
9.25673
8.73261
7.32371
3.57213
4.44486
8.8135
7.94946
7.94004
7.08501
2.72064
4.56234
7.1315
2.53314
4.12019
6.67992
4.72259
0.414601
3.84205
3.64122
3.32677
2.79652
0.348034
1.15673
4.67961
4.67415
7.88473
7.0298
3.83546
3.6038
2.01923
5.16934
5.67721
5.08366
4.2456
6.63098
6.29802
5.16172
0.247063
2.19602
6.87585
7.72823
6.68177
6.66652
4.81912
4.60489
4.58216
2.69223
-2.76716
3.31848
6.58494
6.5888
6.19745
5.97903
5.04206
4.84013
5.9322
4.74842
0.726654
3.54966
3.80204
5.07937
7.01224
2.97506
3.94921
3.71111
3.0941
2.40544
2.11587
0.607483
4.12449
2.64694
2.37563
1.56135
7.77619
7.91224
7.87619
4.14434
-0.0434137
4.12143
2.8381
1.77143
