2.79787
3.71277
4.21277
4.85106
5.97872
6.7234
7.7234
8.17021
9.10638
10.2979
11.1064
12.0426
13.4043
14.6809
14.9362
14.9362
15.1915
15.9574
16.1277
17.7447
19.3191
22.7234
23.5745
24.3404
27.5745
29.0213
31.6596
31.8298
31.8298
32.4255
32.8511
33.1915
33.4468
33.8723
33.8723
33.8723
33.8723
34.8936
42.8936
44.4255
45.617
46.6383
47.6596
50.2128
54.8085
56.1702
56.5106
57.3617
58.5532
61.7872
62.2979
64.1702
65.0213
65.0213
65.3617
65.3617
65.7021
65.7021
66.383
67.4043
67.4043
67.7447
67.7447
67.7447
67.7447
67.7447
67.7447
67.7447
67.7447
67.7447
67.7447
67.7447
67.7447
67.7447
67.7447
67.7447
71.1489
71.1489
72.1702
73.1915
75.234
75.5745
75.9149
75.9149
75.9149
78.6383
80
83.7447
101.106
101.787
105.191
105.872
106.894
107.574
108.936
113.021
114.043
117.787
118.809
123.234
124.936
124.936
126.298
126.298
127.319
127.319
127.319
127.319
127.319
129.362
129.362
129.362
129.362
130.043
135.489
135.489
135.489
135.489
135.489
135.489
135.489
135.489
135.489
135.489
135.489
135.489
135.489
135.489
135.489
135.489
135.489
135.489
135.489
135.489
135.489
135.489
135.489
135.489
135.489
135.489
135.489
135.489
136.17
136.851
138.894
138.894
142.979
174.298
174.979
174.979
174.979
175.66
179.745
179.745
179.745
179.745
179.745
179.745
179.745
179.745
179.745
179.745
180.426
181.787
183.149
186.553
191.319
191.319
191.319
191.319
191.319
196.085
211.064
224
233.532
233.532
234.894
237.617
243.064
248.511
248.511
248.511
248.511
250.553
250.553
250.553
251.915
253.277
258.723
258.723
258.723
258.723
258.723
261.447
264.17
264.17
264.17
264.17
264.17
264.17
264.17
264.17
270.979
270.979
270.979
270.979
270.979
270.979
270.979
270.979
270.979
270.979
270.979
270.979
270.979
270.979
270.979
270.979
270.979
270.979
270.979
270.979
270.979
270.979
270.979
270.979
270.979
270.979
270.979
270.979
270.979
270.979
270.979
270.979
270.979
270.979
270.979
270.979
270.979
270.979
270.979
270.979
270.979
270.979
270.979
270.979
270.979
270.979
270.979
270.979
270.979
270.979
270.979
270.979
270.979
270.979
270.979
270.979
270.979
270.979
270.979
270.979
270.979
270.979
270.979
270.979
270.979
270.979
284.596
284.596
284.596
284.596
284.596
284.596
284.596
284.596
284.596
284.596
294.128
356.766
359.489
359.489
360.851
370.383
373.106
373.106
373.106
373.106
373.106
373.106
374.468
375.83
375.83
375.83
375.83
392.17
408.511
408.511
408.511
408.511
408.511
408.511
408.511
411.234
415.319
418.043
426.213
431.66
431.66
431.66
434.383
456.17
456.17
456.17
456.17
456.17
456.17
456.17
456.17
456.17
456.17
456.17
456.17
456.17
456.17
456.17
456.17
460.255
460.255
460.255
461.617
479.319
479.319
479.319
482.043
484.766
488.851
488.851
488.851
488.851
492.936
492.936
492.936
492.936
495.66
517.447
517.447
517.447
517.447
517.447
517.447
517.447
517.447
517.447
517.447
517.447
517.447
517.447
517.447
517.447
520.17
522.894
522.894
522.894
522.894
522.894
522.894
522.894
522.894
522.894
522.894
522.894
522.894
522.894
526.979
528.34
528.34
528.34
528.34
528.34
528.34
528.34
528.34
528.34
528.34
528.34
528.34
529.702
540.596
540.596
540.596
540.596
540.596
540.596
540.596
540.596
540.596
540.596
541.957
541.957
541.957
541.957
541.957
541.957
541.957
541.957
541.957
541.957
541.957
541.957
541.957
541.957
541.957
541.957
541.957
541.957
541.957
541.957
541.957
541.957
541.957
541.957
541.957
541.957
541.957
541.957
541.957
541.957
541.957
541.957
541.957
541.957
541.957
541.957
541.957
541.957
541.957
541.957
541.957
541.957
541.957
541.957
541.957
541.957
541.957
541.957
541.957
541.957
541.957
541.957
541.957
541.957
541.957
541.957
541.957
541.957
541.957
541.957
541.957
541.957
541.957
541.957
541.957
541.957
541.957
541.957
541.957
541.957
541.957
541.957
541.957
541.957
541.957
541.957
541.957
541.957
541.957
541.957
541.957
541.957
541.957
541.957
541.957
541.957
541.957
541.957
541.957
541.957
541.957
541.957
541.957
541.957
541.957
541.957
541.957
541.957
541.957
541.957
541.957
541.957
541.957
541.957
541.957
541.957
541.957
541.957
541.957
541.957
541.957
541.957
541.957
541.957
541.957
541.957
541.957
541.957
541.957
541.957
541.957
541.957
541.957
541.957
541.957
547.404
547.404
547.404
547.404
547.404
555.574
558.298
558.298
558.298
558.298
558.298
558.298
558.298
558.298
558.298
558.298
558.298
558.298
558.298
558.298
558.298
558.298
558.298
558.298
558.298
558.298
558.298
574.638
574.638
580.085
580.085
607.319
607.319
607.319
607.319
607.319
607.319
607.319
607.319
607.319
607.319
607.319
607.319
607.319
607.319
607.319
607.319
607.319
607.319
607.319
607.319
607.319
607.319
607.319
607.319
607.319
607.319
607.319
607.319
607.319
607.319
607.319
607.319
615.489
721.702
966.809
966.809
966.809
977.702
1010.38
1010.38
1010.38
1010.38
1010.38
1015.83
1021.28
1021.28
1021.28
1021.28
1021.28
1021.28
1021.28
1021.28
1021.28
1021.28
1021.28
1021.28
1021.28
1024
1024
1024
1024
1024
1024
1024
1024
1024
1024
1024
1024
1024
1024
1024
1024
1024
1024
1024
1024
1024
1024
1024
1024
1024
1024
1024
1024
1024
1024
1024
1024
1024
1024
1024
1024
1024
1024
1024
1024
1024
1024
1024
1024
1040.34
1040.34
1040.34
1040.34
1040.34
1040.34
1059.4
1059.4
1059.4
1059.4
1064.85
1073.02
1073.02
1073.02
1073.02
1083.91
1083.91
1083.91
1083.91
1083.91
1083.91
1083.91
1083.91
1083.91
1083.91
1083.91
1083.91
1083.91
1083.91
1083.91
1083.91
1083.91
1083.91
1083.91
1083.91
1083.91
1083.91
1083.91
1083.91
1083.91
1083.91
1083.91
1083.91
1083.91
1083.91
1083.91
1083.91
1083.91
1083.91
1083.91
1083.91
1083.91
1083.91
1083.91
1083.91
1083.91
1083.91
1083.91
1083.91
1083.91
1083.91
1083.91
1083.91
1083.91
1083.91
1083.91
1083.91
1083.91
1083.91
1083.91
1083.91
1083.91
1083.91
1083.91
1083.91
1083.91
1083.91
1083.91
1083.91
1083.91
1083.91
1083.91
1083.91
1083.91
1083.91
1083.91
1083.91
1083.91
1083.91
1083.91
1083.91
1083.91
1083.91
1083.91
1083.91
1083.91
1083.91
1083.91
1083.91
1083.91
1083.91
1083.91
1083.91
1083.91
1083.91
1083.91
1083.91
1083.91
1083.91
1083.91
1083.91
1083.91
1083.91
1083.91
1083.91
1083.91
1083.91
1083.91
1083.91
1083.91
1083.91
1083.91
1083.91
1083.91
1083.91
1083.91
1083.91
1083.91
1083.91
1083.91
1083.91
1083.91
1083.91
1083.91
1083.91
1083.91
1083.91
1083.91
1083.91
1083.91
1083.91
1083.91
1083.91
1083.91
1083.91
1083.91
1083.91
1083.91
1083.91
1083.91
1083.91
1083.91
1083.91
1083.91
1083.91
1083.91
1083.91
1083.91
1083.91
1083.91
1083.91
1083.91
1083.91
1083.91
1083.91
1083.91
1083.91
1083.91
1083.91
1083.91
1083.91
1083.91
1083.91
1083.91
1083.91
1083.91
1083.91
1083.91
1083.91
1083.91
1083.91
1083.91
1083.91
1083.91
1083.91
1083.91
1083.91
1083.91
1083.91
1083.91
1083.91
1083.91
1083.91
1083.91
1083.91
1083.91
1083.91
1083.91
1083.91
1083.91
1083.91
1083.91
1083.91
1083.91
1083.91
1083.91
1083.91
1083.91
1083.91
1083.91
1083.91
1083.91
1083.91
1083.91
1083.91
1083.91
1083.91
1083.91
1083.91
1083.91
1083.91
1083.91
1083.91
1083.91
1083.91
1083.91
1083.91
1083.91
1083.91
1083.91
1083.91
1083.91
1083.91
1083.91
1083.91
1083.91
1083.91
1083.91
1083.91
1083.91
1083.91
1083.91
1083.91
1083.91
1083.91
1083.91
1083.91
1083.91
1083.91
1083.91
1083.91
1083.91
1083.91
1083.91
1083.91
1083.91
1083.91
1083.91
1083.91
1083.91
1083.91
1083.91
1083.91
1083.91
1083.91
1083.91
1083.91
1083.91
1083.91
1083.91
1083.91
1083.91
1083.91
1083.91
1083.91
1083.91
1083.91
1083.91
1083.91
1083.91
1083.91
1083.91
1083.91
1083.91
1083.91
1083.91
1083.91
1083.91
1083.91
1083.91
1083.91
1083.91
1083.91
1083.91
1083.91
1083.91
1083.91
1083.91
1083.91
1083.91
1083.91
1083.91
1083.91
1083.91
1083.91
1083.91
1083.91
1083.91
1083.91
1083.91
1083.91
1083.91
1083.91
1083.91
1083.91
1083.91
1083.91
1083.91
1083.91
1083.91
1083.91
1083.91
1083.91
1083.91
1083.91
1083.91
1083.91
1083.91
1083.91
1083.91
1083.91
1083.91
1083.91
1083.91
1083.91
1083.91
1083.91
1083.91
1083.91
1083.91
1083.91
1083.91
1083.91
1083.91
1083.91
1083.91
1083.91
1083.91
1083.91
1083.91
1083.91
1083.91
1083.91
1083.91
1083.91
1083.91
1083.91
1083.91
1083.91
1083.91
1083.91
1083.91
1083.91
1083.91
1083.91
1083.91
1083.91
1083.91
1083.91
1083.91
1083.91
1083.91
1083.91
1083.91
1083.91
1083.91
1083.91
1083.91
1083.91
1149.28
1149.28
1149.28
1149.28
1149.28
1149.28
1149.28
1149.28
1149.28
1149.28
1149.28
1149.28
1149.28
1165.62
1171.06
1171.06
1171.06
1171.06
1171.06
1171.06
1171.06
1171.06
1171.06
1171.06
1171.06
1171.06
1171.06
1171.06
1171.06
1171.06
1171.06
1214.64
1214.64
1214.64
1214.64
1214.64
1214.64
1214.64
1214.64
1220.09
1263.66
1263.66
1263.66
1263.66
1263.66
1263.66
1263.66
1263.66
1263.66
1263.66
1263.66
1263.66
1263.66
1263.66
1263.66
1263.66
1263.66
1263.66
1263.66
1263.66
1263.66
1263.66
1263.66
1285.45
1388.94
1388.94
1388.94
1388.94
1388.94
1388.94
1388.94
1388.94
1388.94
1388.94
1388.94
1388.94
1388.94
1388.94
1388.94
1388.94
1388.94
1388.94
1388.94
1388.94
1388.94
1388.94
1388.94
1388.94
1388.94
1388.94
1388.94
1388.94
1388.94
1388.94
1388.94
1388.94
1388.94
1388.94
1388.94
1388.94
1388.94
1388.94
1388.94
1388.94
1399.83
1399.83
1399.83
1399.83
1399.83
1399.83
1399.83
1399.83
1399.83
1399.83
1399.83
1399.83
1399.83
1399.83
1399.83
1399.83
1399.83
1399.83
1399.83
1399.83
1399.83
1399.83
1399.83
1399.83
1399.83
1399.83
1410.72
1476.09
1497.87
1497.87
1497.87
1497.87
1497.87
1497.87
1508.77
1525.11
1525.11
1525.11
1525.11
1525.11
1525.11
1525.11
1525.11
1525.11
1525.11
1525.11
1525.11
1525.11
1525.11
1525.11
1525.11
1525.11
1525.11
1525.11
1525.11
1525.11
1525.11
1525.11
1525.11
1568.68
1579.57
1579.57
1579.57
1579.57
1579.57
1579.57
1590.47
1612.26
1612.26
1612.26
1612.26
1612.26
1612.26
1612.26
1612.26
1612.26
1612.26
1612.26
1612.26
1612.26
1612.26
1612.26
1612.26
1612.26
1612.26
1612.26
1612.26
1612.26
1612.26
1612.26
1612.26
1612.26
1612.26
1612.26
1612.26
1612.26
1612.26
1612.26
1612.26
1612.26
1612.26
1612.26
1612.26
1612.26
1612.26
1612.26
1612.26
1612.26
1612.26
1612.26
1612.26
1612.26
1650.38
1650.38
1650.38
1650.38
1650.38
1650.38
1650.38
1650.38
1650.38
1650.38
1650.38
1650.38
1650.38
1650.38
1650.38
1650.38
1650.38
1650.38
1650.38
1650.38
1650.38
1650.38
1650.38
1650.38
1650.38
1650.38
1650.38
1650.38
1650.38
1650.38
1650.38
1650.38
1650.38
1650.38
1650.38
1650.38
1650.38
1650.38
1650.38
1650.38
1650.38
1650.38
1650.38
1655.83
1655.83
1655.83
1655.83
1655.83
1655.83
1655.83
1655.83
1655.83
1655.83
1655.83
1655.83
1655.83
1655.83
1655.83
1655.83
1655.83
1655.83
1655.83
1655.83
1655.83
1661.28
1732.09
1732.09
1732.09
1732.09
1732.09
1732.09
1732.09
1732.09
1732.09
1732.09
1732.09
1732.09
1732.09
1732.09
1732.09
1732.09
1732.09
1732.09
1732.09
1732.09
1732.09
1732.09
1732.09
1732.09
1732.09
1732.09
1732.09
1732.09
1732.09
1732.09
1732.09
1732.09
1732.09
1732.09
1732.09
1732.09
1737.53
1802.89
2167.83
2167.83
2167.83
2167.83
2167.83
2167.83
2167.83
2167.83
2167.83
2167.83
2167.83
2167.83
2167.83
2167.83
2167.83
2167.83
2167.83
2167.83
2167.83
2167.83
2167.83
2167.83
2167.83
2167.83
2167.83
2167.83
2167.83
2167.83
2167.83
2167.83
2167.83
2167.83
2167.83
2167.83
2167.83
2167.83
2167.83
2167.83
2167.83
2167.83
2167.83
2167.83
2167.83
2167.83
2167.83
2167.83
2167.83
2167.83
2167.83
2167.83
2167.83
2167.83
2167.83
2167.83
2167.83
2167.83
2167.83
2167.83
2167.83
2167.83
2167.83
2167.83
2167.83
2167.83
2167.83
2167.83
2167.83
2167.83
2167.83
2167.83
2167.83
2167.83
2167.83
2167.83
2167.83
2167.83
2167.83
2167.83
2167.83
2167.83
2167.83
2167.83
2167.83
2167.83
2167.83
2167.83
2167.83
2167.83
2167.83
2167.83
2167.83
2167.83
2167.83
2167.83
2167.83
2167.83
2167.83
2167.83
2167.83
2167.83
2167.83
2167.83
2167.83
2167.83
2167.83
2167.83
2167.83
2167.83
2167.83
2167.83
2167.83
2167.83
2167.83
2167.83
2167.83
2167.83
2167.83
2167.83
2167.83
2167.83
2167.83
2167.83
2167.83
2167.83
2167.83
2167.83
2167.83
2167.83
2167.83
2167.83
2167.83
2167.83
2167.83
2167.83
2167.83
2167.83
2167.83
2167.83
2167.83
2167.83
2167.83
2167.83
2167.83
2167.83
2167.83
2167.83
2167.83
2167.83
2167.83
2167.83
2167.83
2167.83
2167.83
2167.83
2167.83
2167.83
2167.83
2167.83
2167.83
2167.83
2167.83
2167.83
2167.83
2167.83
2167.83
2167.83
2167.83
2167.83
2167.83
2167.83
2167.83
2167.83
2167.83
2167.83
2167.83
2167.83
2167.83
2167.83
2167.83
2167.83
2167.83
2167.83
2167.83
2167.83
2167.83
2167.83
2167.83
2167.83
2167.83
2167.83
2167.83
2167.83
2167.83
2167.83
2167.83
2167.83
2167.83
2167.83
2167.83
2167.83
2167.83
2167.83
2167.83
2167.83
2167.83
2167.83
2167.83
2167.83
2167.83
2167.83
2167.83
2167.83
2167.83
2167.83
2167.83
2167.83
2167.83
2167.83
2167.83
2167.83
2167.83
2167.83
2167.83
2167.83
2167.83
2167.83
2167.83
2167.83
2167.83
2167.83
2167.83
2167.83
2167.83
2167.83
2167.83
2167.83
2167.83
2167.83
2167.83
2167.83
2167.83
2167.83
2167.83
2167.83
2167.83
2167.83
2167.83
2167.83
2167.83
2167.83
2167.83
2167.83
2167.83
2167.83
2167.83
2167.83
2167.83
2167.83
2167.83
2167.83
2167.83
2167.83
2167.83
2167.83
2167.83
2167.83
2167.83
2167.83
2167.83
2167.83
2167.83
2167.83
2167.83
2167.83
2167.83
2167.83
2167.83
2167.83
2167.83
2167.83
2167.83
2167.83
2167.83
2167.83
2167.83
2167.83
2167.83
2167.83
2167.83
2167.83
2167.83
2167.83
2167.83
2167.83
2167.83
2167.83
2167.83
2167.83
2167.83
2167.83
2167.83
2167.83
2167.83
2167.83
2167.83
2167.83
2167.83
2167.83
2167.83
2167.83
2167.83
2167.83
2167.83
2167.83
2167.83
2167.83
2167.83
2167.83
2167.83
2167.83
2167.83
2167.83
2167.83
2167.83
2167.83
2167.83
2167.83
2167.83
2167.83
2167.83
2167.83
2167.83
2167.83
2167.83
2167.83
2167.83
2167.83
2167.83
2167.83
2167.83
2167.83
2167.83
2167.83
2167.83
2167.83
2167.83
2167.83
2167.83
2167.83
2167.83
2167.83
2167.83
2167.83
2167.83
2167.83
2167.83
2167.83
2167.83
2167.83
2167.83
2167.83
2167.83
2167.83
2167.83
2167.83
2167.83
2167.83
2167.83
2167.83
2167.83
2167.83
2167.83
2167.83
2167.83
2167.83
2167.83
2167.83
2167.83
2167.83
2167.83
2167.83
2167.83
2167.83
2167.83
2167.83
2167.83
2167.83
2167.83
2167.83
2167.83
2167.83
2167.83
2167.83
2167.83
2167.83
2167.83
2167.83
2167.83
2167.83
2167.83
2167.83
2167.83
2167.83
2167.83
2167.83
2167.83
2167.83
2167.83
2167.83
2167.83
2167.83
2167.83
2167.83
2167.83
2167.83
2167.83
2167.83
2167.83
2167.83
2167.83
2167.83
2167.83
2167.83
2167.83
2167.83
2167.83
2167.83
2167.83
2167.83
2167.83
2167.83
2167.83
2167.83
2167.83
2167.83
2167.83
2167.83
2167.83
2167.83
2167.83
2167.83
2167.83
2167.83
2167.83
2167.83
2167.83
2167.83
2167.83
2167.83
2167.83
2167.83
2167.83
2167.83
2167.83
2167.83
2167.83
2167.83
2167.83
2167.83
2167.83
2167.83
2167.83
2167.83
2167.83
2167.83
2157.52
2157.52
2157.52
2157.52
2157.52
2157.52
2157.52
2157.52
2157.52
2157.52
2157.52
2157.52
2157.52
2157.52
2157.52
2157.52
2157.52
2157.52
2157.52
2157.52
2157.52
2157.52
2157.52
2157.52
2157.52
2157.52
2157.52
2157.52
2157.52
2157.52
2157.52
2157.52
2157.52
2157.52
2157.52
2157.52
2157.52
2157.52
2157.52
2157.52
2157.52
2157.52
2157.52
2157.52
2157.52
2157.52
2157.52
2157.52
2157.52
2157.52
2157.52
2157.52
2157.52
2157.52
2157.52
2157.52
2157.52
2157.52
2157.52
2157.52
2157.52
2157.52
2157.52
2157.52
2157.52
2157.52
2157.52
2157.52
2157.52
2157.52
2157.52
2157.52
2157.52
2157.52
2157.52
2157.52
2147.1
2147.1
2147.1
2147.1
2147.1
2147.1
2147.1
2147.1
2147.1
2147.1
2147.1
2147.1
2147.1
2147.1
2147.1
2147.1
2147.1
2147.1
2147.1
2147.1
2147.1
2147.1
2147.1
2147.1
2147.1
2147.1
2147.1
2147.1
2147.1
2147.1
2147.1
2147.1
2147.1
2147.1
2147.1
2147.1
2147.1
2147.1
2147.1
2147.1
2147.1
2147.1
2147.1
2147.1
2147.1
2147.1
2147.1
2147.1
2147.1
2147.1
2147.1
2147.1
2147.1
2147.1
2147.1
2147.1
2147.1
2147.1
2147.1
2147.1
2147.1
2147.1
2147.1
2147.1
2147.1
2147.1
2147.1
2147.1
2147.1
2147.1
2147.1
2147.1
2147.1
2147.1
2147.1
2147.1
2147.1
2147.1
2147.1
2147.1
2147.1
2147.1
2147.1
2147.1
2104.26
2104.26
2104.26
2104.26
2104.26
2104.26
2104.26
2104.26
2104.26
2104.26
2104.26
2104.26
2104.26
2104.26
2104.26
2104.26
2104.26
2104.26
2104.26
2104.26
2104.26
2104.26
2104.26
2104.26
2104.26
2104.26
2104.26
2104.26
2104.26
2104.26
2104.26
2104.26
2104.26
2104.26
2104.26
2104.26
2104.26
2104.26
2104.26
2104.26
2104.26
2104.26
2104.26
2104.26
2104.26
2104.26
2104.26
2104.26
2104.26
2104.26
2104.26
2104.26
2104.26
2104.26
2104.26
2104.26
2104.26
2104.26
2104.26
2104.26
2104.26
2104.26
2104.26
2104.26
2104.26
2104.26
2104.26
2104.26
2104.26
2104.26
2104.26
2104.26
2104.26
2104.26
2104.26
2104.26
2104.26
2104.26
2104.26
2104.26
2104.26
2126.77
2160.53
2183.03
2430.59
2464.35
2475.6
2475.6
2475.6
2429.83
2452.97
2638.1
2638.1
2638.1
2638.1
2638.1
2638.1
2638.1
2638.1
2638.1
2638.1
2638.1
2638.1
2638.1
2638.1
2638.1
2638.1
2649.67
2788.52
3563.75
3563.75
3563.75
3563.75
3563.75
3563.75
3563.75
3563.75
3563.75
3563.75
3563.75
3563.75
3563.75
3563.75
3563.75
3563.75
3563.75
3563.75
3563.75
3563.75
3563.75
3563.75
3563.75
3563.75
3563.75
3563.75
3563.75
3563.75
3563.75
3563.75
3563.75
3563.75
3586.89
3610.03
3610.03
3610.03
3610.03
3610.03
3610.03
3610.03
3610.03
3610.03
3610.03
3610.03
3679.46
3679.46
3679.46
3679.46
3679.46
3679.46
3679.46
3679.46
3679.46
3679.46
3679.46
3679.46
3679.46
3679.46
3679.46
3679.46
3679.46
3679.46
3679.46
3679.46
3679.46
3679.46
3679.46
3679.46
3679.46
3679.46
3679.46
3679.46
3679.46
3679.46
3679.46
3679.46
3702.6
3748.88
3748.88
3748.88
3748.88
3748.88
3748.88
3748.88
3748.88
3748.88
3748.88
3748.88
3748.88
3748.88
3748.88
3748.88
3748.88
3748.88
3748.88
3748.88
3748.88
3748.88
3748.88
3748.88
3748.88
3748.88
3748.88
3748.88
3748.88
3748.88
3748.88
3748.88
3748.88
3748.88
3748.88
3748.88
3748.88
3748.88
3748.88
3748.88
3748.88
3748.88
3748.88
3748.88
3748.88
3748.88
3748.88
3748.88
3748.88
3748.88
3748.88
3748.88
3748.88
3748.88
3748.88
3748.88
3748.88
3748.88
3748.88
3748.88
3748.88
3748.88
3748.88
3748.88
3748.88
3748.88
3748.88
3748.88
3748.88
3748.88
3748.88
3748.88
3748.88
3748.88
3748.88
3748.88
3748.88
3748.88
3748.88
3748.88
3748.88
3748.88
3748.88
3748.88
3748.88
3748.88
3748.88
3748.88
3748.88
3748.88
3748.88
3748.88
3748.88
3748.88
3748.88
3748.88
3748.88
3748.88
3748.88
3748.88
3748.88
3748.88
3748.88
3748.88
3748.88
3748.88
3748.88
3748.88
3748.88
3748.88
3748.88
3748.88
3748.88
3748.88
3748.88
3748.88
3748.88
3748.88
3748.88
3748.88
3748.88
3748.88
3748.88
3748.88
3748.88
3748.88
3748.88
3748.88
3748.88
3748.88
3748.88
3748.88
3748.88
3748.88
3748.88
3748.88
3748.88
3748.88
3748.88
3748.88
3748.88
3748.88
3748.88
3748.88
3748.88
3748.88
3748.88
3748.88
3748.88
3748.88
3748.88
3748.88
3748.88
3748.88
3748.88
3748.88
3748.88
3748.88
3748.88
3748.88
3748.88
3748.88
3748.88
3748.88
3748.88
3748.88
3748.88
3748.88
3748.88
3748.88
3748.88
3748.88
3748.88
3748.88
3748.88
3748.88
3748.88
3748.88
3748.88
3748.88
3748.88
3748.88
3748.88
3748.88
3748.88
3748.88
3748.88
3748.88
3748.88
3748.88
3748.88
3748.88
3748.88
3748.88
3748.88
3748.88
3748.88
3748.88
3748.88
3748.88
3748.88
3748.88
3748.88
3748.88
3748.88
3748.88
3748.88
3748.88
3748.88
3748.88
3748.88
3748.88
3748.88
3748.88
3748.88
3748.88
3748.88
3748.88
3748.88
3748.88
3748.88
3748.88
3748.88
3748.88
3748.88
3748.88
3748.88
3748.88
3748.88
3748.88
3748.88
3748.88
3748.88
3748.88
3748.88
3748.88
3748.88
3748.88
3748.88
3748.88
3748.88
3748.88
3748.88
3748.88
3748.88
3748.88
3748.88
3748.88
3748.88
3748.88
3748.88
3748.88
3748.88
3748.88
3748.88
3795.16
4015.01
4015.01
4015.01
4015.01
4015.01
4015.01
4015.01
4015.01
4015.01
4015.01
4015.01
4015.01
4015.01
4015.01
4015.01
4015.01
4015.01
4015.01
4015.01
4015.01
4015.01
4015.01
4015.01
4015.01
4015.01
4015.01
4015.01
4015.01
4015.01
4015.01
4015.01
4015.01
4015.01
4015.01
4015.01
4015.01
4015.01
4015.01
4015.01
4015.01
4015.01
4015.01
4015.01
4015.01
4015.01
4015.01
4015.01
4015.01
4015.01
4015.01
4015.01
4015.01
4015.01
4015.01
4015.01
4015.01
4015.01
4015.01
4015.01
4015.01
4015.01
4015.01
4015.01
4015.01
4015.01
4015.01
4015.01
4015.01
4015.01
4015.01
4015.01
4015.01
4015.01
4015.01
4015.01
4015.01
4015.01
4015.01
4015.01
4015.01
4015.01
4015.01
4015.01
4015.01
4015.01
4015.01
4015.01
4015.01
4015.01
4015.01
4015.01
4015.01
4015.01
4015.01
4015.01
4015.01
4015.01
4015.01
4015.01
4015.01
4015.01
4015.01
4015.01
4015.01
4015.01
4015.01
4015.01
4015.01
4015.01
4015.01
4015.01
4015.01
4015.01
4015.01
4015.01
4015.01
4015.01
4015.01
4015.01
4015.01
4015.01
4015.01
4015.01
4015.01
4015.01
4015.01
4015.01
4015.01
4015.01
4015.01
4015.01
4015.01
4015.01
4015.01
4015.01
4015.01
4015.01
4015.01
4015.01
4015.01
4015.01
4015.01
4015.01
4015.01
4015.01
4014.55
4010.67
4010.67
4010.67
4010.67
4010.67
4010.67
4010.67
4010.67
4010.67
4010.67
4010.67
4010.67
4010.67
4010.67
4010.67
4010.67
4010.67
4010.67
4010.67
4010.67
4010.67
4010.67
4010.67
4010.67
4010.67
4010.67
4010.67
4010.67
4010.67
4010.67
4010.67
4010.67
4010.67
4010.67
4010.67
4010.67
4010.67
4010.67
4010.67
4010.67
4010.67
4010.67
4010.67
4010.67
4010.67
4010.67
4010.67
4010.67
4010.67
4010.67
4010.67
4010.67
4010.67
4010.67
4010.67
4010.67
4010.67
4010.67
4010.67
4010.67
4010.67
4010.67
4010.67
4010.67
4010.67
4010.67
4010.67
4010.67
4010.67
4010.67
4010.67
4010.67
4010.67
4010.67
4010.67
4010.67
4010.67
4010.67
4010.67
4010.67
4010.67
4010.67
4010.67
4010.67
4010.67
4010.67
4010.67
4010.67
4010.67
4010.67
4010.67
4010.67
4010.67
4010.67
4010.67
4010.67
4010.67
4010.67
4010.67
4010.67
4010.67
4010.67
4010.67
4010.67
4010.67
4010.67
4010.67
4010.67
4010.67
4010.67
4010.67
4010.67
4010.67
4010.67
4010.67
4010.67
4010.67
4010.67
4010.67
4010.67
4010.67
4010.67
4010.67
4010.67
4010.67
4010.67
4010.67
4010.67
4010.67
4010.67
4010.67
4010.67
4010.67
4010.67
4010.67
4010.67
4010.67
4010.67
4010.67
4010.67
4010.67
4010.67
4010.67
4010.67
4010.67
4010.67
4010.67
4010.67
4010.67
4010.67
4010.67
4010.67
4010.67
4010.67
4010.67
4010.67
4010.67
4010.67
4010.67
4010.67
4010.67
4010.67
4010.67
4010.67
4010.67
4010.67
4010.67
4010.67
4010.67
4010.67
4010.67
4010.67
4010.67
4010.67
4010.67
4010.67
4010.67
4010.67
4010.67
4010.67
4010.67
4010.67
4010.67
4010.67
4010.67
4010.67
4010.67
4010.67
4010.67
4010.67
4010.67
4010.67
4010.67
4010.67
4010.67
4010.67
4010.67
4010.67
4010.67
4010.67
4010.67
4010.67
4010.67
4010.67
4010.67
4010.67
4010.67
4010.67
4010.67
4010.67
4010.67
4010.67
4010.67
4010.67
4010.67
4010.67
4010.67
4010.67
4010.67
4010.67
4010.67
4010.67
4010.67
4010.67
4010.67
4010.67
4010.67
4010.67
4010.67
4010.67
4010.67
4010.67
4010.67
4010.67
4010.67
4010.67
4010.67
4010.67
4010.67
4010.67
4010.67
4010.67
4010.67
4010.67
4010.67
4010.67
4010.67
4010.67
4010.67
4010.67
4010.67
4010.67
4010.67
4010.67
4010.67
4010.67
4010.67
4010.67
4010.67
4010.67
4010.67
4010.67
4010.67
4010.67
4010.67
4010.67
4010.67
4010.67
4010.67
4010.67
4010.67
4010.67
4010.67
4010.67
4010.67
4010.67
4010.67
4010.67
4010.67
4010.67
4010.67
4010.67
4010.67
4010.67
4010.67
4010.67
4010.67
4010.67
4010.67
4010.67
4010.16
3999.14
3999.14
3999.14
3999.14
3999.14
3999.14
3999.14
3999.14
3999.14
3999.14
3999.14
3999.14
3999.14
3999.14
3999.14
3999.14
3999.14
3999.14
3999.14
3999.14
3999.14
3999.14
3999.14
3999.14
3999.14
3999.14
3999.14
3999.14
3999.14
3999.14
3999.14
3999.14
3999.14
3999.14
3999.14
3999.14
3999.14
3999.14
3999.14
3999.14
3999.14
3999.14
3999.14
3999.14
3999.14
3999.14
3999.14
3999.14
3999.14
3999.14
3999.14
3999.14
3999.14
3999.14
3999.14
3999.14
3999.14
3999.14
3999.14
3999.14
3999.14
3999.14
3999.14
3999.14
3999.14
3999.14
3999.14
3999.14
3999.14
3999.14
3999.14
3999.14
3999.14
3999.14
3999.14
3999.14
3999.14
3999.14
3999.14
3999.14
3999.14
3999.14
3999.14
3999.14
3999.14
3999.14
3999.14
3999.14
3999.14
3999.14
3999.14
3999.14
3999.14
3999.14
3999.14
3999.14
3999.14
3999.14
3999.14
3999.14
3999.14
3999.14
3999.14
3999.14
3999.14
3999.14
3998.48
3989.81
3885.18
3885.18
3885.18
3885.18
3885.18
3885.18
3885.18
3885.18
3885.18
3885.18
3885.18
3885.18
3885.18
3885.18
3885.18
3885.18
3885.18
3885.18
3885.18
3885.18
3885.18
3885.18
3885.18
3885.18
3885.18
3885.18
3885.18
3885.18
3885.18
3885.18
3885.18
3885.18
3885.18
3885.18
3885.18
3885.18
3885.18
3885.18
3885.18
3885.18
3885.18
3885.18
3885.18
3885.18
3885.18
3885.18
3878.79
3872
3872
3872
3872
3872
3872
3872
3872
3872
3872
3872
3872
3872
3872
3872
3872
3872
3872
3872
3872
3872
3872
3872
3872
3872
3872
3872
3872
3872
3872
3872
3872
3872
3872
3872
3872
3872
3872
3872
4096
4096
4096
4096
4096
4096
4096
4096
4096
4096
4096
4096
4096
4096
4096
4096
4096
4096
4096
4096
4096
4096
4096
4096
4096
4096
4096
4096
4096
4096
4096
4096
4096
4096
4096
4096
4096
4096
4096
4096
4096
4096
4096
4096
4096
4096
4096
4096
4096
4096
4096
4096
4096
4096
4096
4096
4096
4096
4096
4096
4096
4096
4096
4096
4096
4096
4096
4096
4096
4096
4096
4096
4096
4096
4096
4096
4096
4096
4096
4096
4096
4096
4096
4096
4096
4096
4096
4096
4096
4096
4096
4096
4096
4096
4096
4096
4096
4096
4096
4096
4096
4096
4096
4096
4096
4096
4096
4096
4096
4096
4096
4096
4096
4096
4096
4096
4096
4096
4096
4096
4096
4096
4096
4096
4096
4096
4096
4096
4096
4096
4096
4096
4096
4096
4096
4096
4096
4096
4096
4096
4096
4096
4096
4096
4096
4096
4096
4096
4096
4096
4096
4096
4096
4096
4096
4096
4096
4096
4096
4096
4096
4096
4096
4096
4096
4096
4096
4096
4096
4096
4096
4096
4096
4096
4096
4096
4096
4096
4096
4096
4096
4096
4096
4096
4096
4096
4096
4096
4096
4096
4096
4096
4096
4096
4096
4096
4096
4096
4096
4096
4096
4096
4096
4096
4096
4096
4096
4096
4096
4096
4096
4096
4096
4096
4096
4096
4096
4096
4096
4096
4096
4096
4096
4096
4096
4096
4096
4096
4096
4096
4096
4096
4096
4096
4096
4096
4096
4096
4096
4096
4096
4096
4096
4096
4096
4096
4096
4096
4096
4096
4096
4096
4096
4096
4096
4096
4096
4096
4096
4096
4096
4096
4096
4096
4096
4096
4096
4096
4096
4096
4096
4096
4096
4096
4096
4096
4096
4096
4096
4096
4096
4096
4096
4096
4096
4096
4096
4096
4096
4096
4096
4096
4096
4096
4096
4096
4096
4096
4096
4096
4096
4096
4096
4096
4096
4096
4096
4096
4096
4096
4096
4096
4096
4096
4096
4096
4096
4096
4096
4096
4096
4096
4096
4096
4096
4096
4096
4096
4096
4096
4096
4096
4096
4096
4096
4096
4096
4096
4096
4096
4096
4096
4096
4096
4096
4096
4096
4096
4096
4096
4096
4096
4096
4096
4096
4096
4096
4096
4096
4096
4096
4096
4096
4096
4096
4096
4096
4096
4096
4096
4096
4096
4096
4096
4096
4096
4096
4096
4096
4096
4096
4096
4096
4096
4096
4096
4096
4096
4096
4096
4096
4096
4096
4096
4096
4096
4096
4096
4096
4096
4096
4096
4096
4096
4096
4096
4096
4096
4096
4096
4096
4096
4096
4096
4096
4096
4096
4096
4096
4096
4096
4096
4096
4096
4096
4096
4096
4096
4096
4096
4096
4096
4096
4096
4096
4096
4096
4096
4096
4096
4096
4096
4096
4096
4096
4096
4096
4096
4096
4096
4096
4096
4096
4096
4096
4096
4096
4096
4096
4096
4096
4096
4096
4096
4096
4096
4096
4096
4096
4096
4096
4096
4096
4096
4096
4096
4096
4096
4096
4096
4096
4096
4096
4096
4096
4096
4096
4096
4096
4096
4096
4096
4096
4096
4096
4096
4096
4096
4096
4096
4096
4096
4096
4096
4096
4096
4096
4096
4096
4096
4096
4096
4096
4096
4096
4096
4096
4096
4096
4096
4096
4096
4096
4096
4096
4096
4096
4096
4096
4096
4096
4096
4096
4096
4096
4096
4096
4096
4096
4096
4096
4096
4096
4096
4096
4096
4096
4096
4096
4096
4096
4096
4096
4096
4096
4096
4096
4096
4096
4096
4096
4096
4096
4096
4096
4096
4096
4096
4096
4096
4096
4096
4096
4096
4096
4096
4096
4096
4096
4096
4096
4096
4096
4096
4096
4096
4096
4096
4096
4096
4096
4096
4096
4096
4096
4096
4096
4096
4096
4096
4096
4096
4096
4096
4096
4096
4096
4096
4096
4096
4096
4096
4096
4096
4096
4096
4096
4096
4096
4096
4096
4096
4096
4096
4096
4096
4096
4096
4096
4096
4096
4096
4096
4096
4096
4096
4096
4096
4096
4096
4096
4096
4096
4096
4096
4096
4096
4096
4096
4096
4096
4096
4096
4096
4096
4096
4096
4096
4096
4096
4096
4096
4096
4096
4096
4096
4096
4096
4096
4096
4096
4096
4096
4096
4096
4096
4096
4096
4096
4096
4096
4096
4096
4096
4096
4096
4096
4096
4096
4096
4096
4096
4096
4096
4096
4096
4096
4096
4096
4096
4096
4096
4096
4096
4096
4096
4096
4096
4096
4096
4096
4096
4096
4096
4096
4096
4096
4096
4096
4096
4096
4096
4096
4096
4096
4096
4096
4096
4096
4096
4096
4096
4096
4096
4096
4096
4096
4096
4096
4096
4096
4096
4096
4096
4096
4096
4096
4096
4096
4096
4096
4096
4096
4096
4096
4096
4096
4096
4096
4096
4096
4096
4096
4096
4096
4096
4096
4096
4096
4096
4096
4096
4096
4096
4096
4096
4096
4096
4096
4096
4096
4096
4096
4096
4096
4096
4096
4096
4096
4096
4096
4096
4096
4096
4096
4096
4096
4096
4096
4096
4096
4096
4096
4096
4096
4096
4096
4096
4096
4096
4096
4096
4096
4096
4096
4096
4096
4096
4096
4096
4096
4096
4096
4096
4096
4096
4096
4096
4096
4096
4096
4096
4096
4096
4096
4096
4096
4096
4096
4096
4096
4096
4096
4096
4096
4096
4096
4096
4096
4096
4096
4096
4096
4096
4096
4096
4096
4096
4096
4096
4096
4096
4096
4096
4096
4096
4096
4096
4096
4096
4096
4096
4096
4096
4096
4096
4096
4096
4096
4096
4096
4096
4096
4096
4096
4096
4096
4096
4096
4096
4096
4096
4096
4096
4096
4096
4096
